150 28.5 0.00334458000
152 28.5 0.00378815000
154 28.5 0.00428090000
156 28.5 0.00470144000
158 28.5 0.00512993000
160 28.5 0.00536630000
162 28.5 0.00537921000
164 28.5 0.00526309000
166 28.5 0.00484395000
168 28.5 0.00419507000
170 28.5 0.00333465000
172 28.5 0.00232932000
174 28.5 0.00113993000
176 28.5 -0.00004004440
178 28.5 -0.00117802000
180 28.5 -0.00217753000
182 28.5 -0.00303364000
184 28.5 -0.00372970000
186 28.5 -0.00412932000
188 28.5 -0.00431641000
190 28.5 -0.00433489000
192 28.5 -0.00413078000
194 28.5 -0.00385764000
196 28.5 -0.00345626000
198 28.5 -0.00301675000
200 28.5 -0.00252743000
202 28.5 -0.00201519000
204 28.5 -0.00145428000
206 28.5 -0.00094684000
208 28.5 -0.00033802800
210 28.5 0.00030881600
212 28.5 0.00097788100
214 28.5 0.00166300000
216 28.5 0.00242928000
218 28.5 0.00319063000
220 28.5 0.00395258000
222 28.5 0.00459832000
224 28.5 0.00520195000
226 28.5 0.00576575000
228 28.5 0.00619663000
230 28.5 0.00650978000
232 28.5 0.00668514000
234 28.5 0.00678722000
236 28.5 0.00666812000
238 28.5 0.00648985000
240 28.5 0.00611077000
242 28.5 0.00558136000
244 28.5 0.00492648000
246 28.5 0.00418088000
248 28.5 0.00326700000
250 28.5 0.00232985000
252 28.5 0.00132370000
254 28.5 0.00036156300
256 28.5 -0.00058976000
258 28.5 -0.00144799000
260 28.5 -0.00217136000
262 28.5 -0.00271059000
264 28.5 -0.00308696000
266 28.5 -0.00327036000
268 28.5 -0.00327970000
270 28.5 -0.00316736000
272 28.5 -0.00288322000
274 28.5 -0.00260801000
276 28.5 -0.00228858000
278 28.5 -0.00194777000
280 28.5 -0.00176873000
282 28.5 -0.00163617000
284 28.5 -0.00176196000
286 28.5 -0.00199926000
288 28.5 -0.00249302000
290 28.5 -0.00317689000
292 28.5 -0.00410336000
294 28.5 -0.00514681000
296 28.5 -0.00637433000
298 28.5 -0.00765942000
300 28.5 -0.00901442000
302 28.5 -0.01032510000
304 28.5 -0.01150870000
306 28.5 -0.01259420000
308 28.5 -0.01345120000
310 28.5 -0.01409320000
312 28.5 -0.01452370000
314 28.5 -0.01462460000
316 28.5 -0.01450250000
318 28.5 -0.01415120000
320 28.5 -0.01359860000
322 28.5 -0.01291570000
324 28.5 -0.01216130000
326 28.5 -0.01127090000
328 28.5 -0.01044440000
330 28.5 -0.00961877000
332 28.5 -0.00886137000
334 28.5 -0.00821753000
336 28.5 -0.00763426000
338 28.5 -0.00719283000
340 28.5 -0.00686422000
342 28.5 -0.00665760000
344 28.5 -0.00650999000
346 28.5 -0.00647505000
348 28.5 -0.00646291000
350 28.5 -0.00653746000
352 28.5 -0.00659573000
354 28.5 -0.00665837000
356 28.5 -0.00673744000
358 28.5 -0.00670481000
360 28.5 -0.00666722000
362 28.5 -0.00651048000
364 28.5 -0.00629600000
366 28.5 -0.00601678000
368 28.5 -0.00552025000
370 28.5 -0.00492856000
372 28.5 -0.00417956000
374 28.5 -0.00331290000
376 28.5 -0.00230621000
378 28.5 -0.00117733000
380 28.5 0.00006421190
382 28.5 0.00135858000
384 28.5 0.00273623000
386 28.5 0.00413751000
388 28.5 0.00552112000
390 28.5 0.00682669000
392 28.5 0.00806244000
394 28.5 0.00917089000
396 28.5 0.01009900000
398 28.5 0.01074820000
400 28.5 0.01119210000
402 28.5 0.01134710000
404 28.5 0.01123920000
406 28.5 0.01092160000
408 28.5 0.01030170000
410 28.5 0.00956515000
412 28.5 0.00871480000
414 28.5 0.00776699000
416 28.5 0.00677322000
418 28.5 0.00580968000
420 28.5 0.00476989000
422 28.5 0.00385443000
424 28.5 0.00298502000
426 28.5 0.00217386000
428 28.5 0.00142620000
430 28.5 0.00071042600
432 28.5 0.00003762360
434 28.5 -0.00059279100
436 28.5 -0.00117673000
438 28.5 -0.00171859000
440 28.5 -0.00221662000
442 28.5 -0.00265095000
444 28.5 -0.00302621000
446 28.5 -0.00332693000
448 28.5 -0.00352335000
450 28.5 -0.00364557000
452 28.5 -0.00363700000
454 28.5 -0.00348973000
456 28.5 -0.00321558000
458 28.5 -0.00285281000
460 28.5 -0.00237072000
462 28.5 -0.00186228000
464 28.5 -0.00125799000
466 28.5 -0.00063976000
468 28.5 -0.00007710580
470 28.5 0.00050302100
472 28.5 0.00096724400
474 28.5 0.00133122000
476 28.5 0.00169498000
478 28.5 0.00196688000
480 28.5 0.00209801000
482 28.5 0.00218191000
484 28.5 0.00216595000
486 28.5 0.00210048000
488 28.5 0.00198300000
490 28.5 0.00182668000
492 28.5 0.00165920000
494 28.5 0.00148453000
496 28.5 0.00131533000
498 28.5 0.00116286000
500 28.5 0.00104183000
502 28.5 0.00086870500
504 28.5 0.00079273000
506 28.5 0.00074117700
508 28.5 0.00063865400
510 28.5 0.00057880400
512 28.5 0.00049898900
514 28.5 0.00045180000
516 28.5 0.00033003700
518 28.5 0.00019459800
520 28.5 0.00003967770
522 28.5 -0.00020773800
524 28.5 -0.00049538600
526 28.5 -0.00083756000
528 28.5 -0.00135933000
530 28.5 -0.00187902000
532 28.5 -0.00245688000
534 28.5 -0.00309317000
536 28.5 -0.00379680000
538 28.5 -0.00455288000
540 28.5 -0.00529078000
542 28.5 -0.00602775000
544 28.5 -0.00670096000
546 28.5 -0.00729059000
548 28.5 -0.00778075000
550 28.5 -0.00810696000
552 28.5 -0.00827577000
554 28.5 -0.00824853000
556 28.5 -0.00805652000
558 28.5 -0.00767516000
560 28.5 -0.00713511000
562 28.5 -0.00646858000
564 28.5 -0.00572417000
566 28.5 -0.00492643000
568 28.5 -0.00411254000
570 28.5 -0.00330500000
572 28.5 -0.00254031000
574 28.5 -0.00182598000
576 28.5 -0.00124572000
578 28.5 -0.00072587200
580 28.5 -0.00030522200
582 28.5 -0.00009092590
584 28.5 0.00010143400
586 28.5 0.00017121600
588 28.5 0.00011247400
590 28.5 -0.00006042010
592 28.5 -0.00027630500
594 28.5 -0.00059414300
596 28.5 -0.00094696900
598 28.5 -0.00137798000
600 28.5 -0.00180385000
602 28.5 -0.00223474000
604 28.5 -0.00263510000
606 28.5 -0.00298435000
608 28.5 -0.00324427000
610 28.5 -0.00345623000
612 28.5 -0.00356975000
614 28.5 -0.00360280000
616 28.5 -0.00354099000
618 28.5 -0.00340940000
620 28.5 -0.00318069000
622 28.5 -0.00290956000
624 28.5 -0.00258062000
626 28.5 -0.00224642000
628 28.5 -0.00188270000
630 28.5 -0.00153495000
632 28.5 -0.00119323000
634 28.5 -0.00081691000
636 28.5 -0.00041220500
638 28.5 0.00006135940
640 28.5 0.00061664600
642 28.5 0.00125289000
644 28.5 0.00199411000
646 28.5 0.00284736000
648 28.5 0.00384791000
650 28.5 0.00489910000
652 28.5 0.00606791000
654 28.5 0.00724449000
656 28.5 0.00843320000
658 28.5 0.00956268000
660 28.5 0.01057900000
662 28.5 0.01138830000
664 28.5 0.01204040000
666 28.5 0.01252090000
668 28.5 0.01274470000
670 28.5 0.01271840000
672 28.5 0.01246310000
674 28.5 0.01197010000
676 28.5 0.01130180000
678 28.5 0.01047680000
680 28.5 0.00950579000
682 28.5 0.00847923000
684 28.5 0.00741478000
686 28.5 0.00633747000
688 28.5 0.00527960000
690 28.5 0.00425772000
692 28.5 0.00333885000
694 28.5 0.00251526000
696 28.5 0.00184096000
698 28.5 0.00119483000
700 28.5 0.00072786000
702 28.5 0.00030446200
704 28.5 0.00001286110
706 28.5 -0.00018790000
708 28.5 -0.00026538300
710 28.5 -0.00031277400
712 28.5 -0.00027976400
714 28.5 -0.00021533300
716 28.5 -0.00005290990
718 28.5 0.00012613300
720 28.5 0.00028742600
722 28.5 0.00049025200
724 28.5 0.00071052300
726 28.5 0.00082943700
728 28.5 0.00102193000
730 28.5 0.00114354000
732 28.5 0.00124837000
734 28.5 0.00132442000
736 28.5 0.00130972000
738 28.5 0.00128528000
740 28.5 0.00121145000
742 28.5 0.00109971000
744 28.5 0.00091339400
746 28.5 0.00071648300
748 28.5 0.00046888600
750 28.5 0.00022159600
752 28.5 -0.00002881540
754 28.5 -0.00022206900
756 28.5 -0.00039578000
758 28.5 -0.00048941700
760 28.5 -0.00052978000
762 28.5 -0.00048496200
764 28.5 -0.00038119500
766 28.5 -0.00025512300
768 28.5 -0.00007097770
770 28.5 0.00013437200
772 28.5 0.00029633000
774 28.5 0.00043640400
776 28.5 0.00053048600
778 28.5 0.00064701200
780 28.5 0.00062163200
782 28.5 0.00059835800
784 28.5 0.00052349100
786 28.5 0.00043461600
788 28.5 0.00028005600
790 28.5 0.00013296400
792 28.5 -0.00002510640
794 28.5 -0.00017345200
796 28.5 -0.00034421500
798 28.5 -0.00051995100
800 28.5 -0.00069057300
802 28.5 -0.00082975700
804 28.5 -0.00098033200
806 28.5 -0.00110936000
808 28.5 -0.00122743000
810 28.5 -0.00131356000
812 28.5 -0.00139538000
814 28.5 -0.00147260000
816 28.5 -0.00155272000
818 28.5 -0.00160667000
820 28.5 -0.00165496000
822 28.5 -0.00170853000
824 28.5 -0.00174942000
826 28.5 -0.00178572000
828 28.5 -0.00182716000
830 28.5 -0.00185843000
832 28.5 -0.00188601000
834 28.5 -0.00189086000
836 28.5 -0.00188806000
838 28.5 -0.00187111000
840 28.5 -0.00183521000
842 28.5 -0.00178375000
844 28.5 -0.00167405000
846 28.5 -0.00159952000
848 28.5 -0.00150210000
850 28.5 -0.00141125000
>
150 29 0.00818318000
152 29 0.00738646000
154 29 0.00642131000
156 29 0.00544682000
158 29 0.00440447000
160 29 0.00326344000
162 29 0.00206877000
164 29 0.00084333100
166 29 -0.00046592000
168 29 -0.00175895000
170 29 -0.00321053000
172 29 -0.00451457000
174 29 -0.00603796000
176 29 -0.00739650000
178 29 -0.00875727000
180 29 -0.00993028000
182 29 -0.01100910000
184 29 -0.01184370000
186 29 -0.01246610000
188 29 -0.01275880000
190 29 -0.01282890000
192 29 -0.01259660000
194 29 -0.01208770000
196 29 -0.01147290000
198 29 -0.01056350000
200 29 -0.00966329000
202 29 -0.00849904000
204 29 -0.00734072000
206 29 -0.00605626000
208 29 -0.00471724000
210 29 -0.00316256000
212 29 -0.00157369000
214 29 0.00007616060
216 29 0.00188190000
218 29 0.00365576000
220 29 0.00551193000
222 29 0.00719267000
224 29 0.00878697000
226 29 0.01019010000
228 29 0.01139100000
230 29 0.01224460000
232 29 0.01274950000
234 29 0.01302900000
236 29 0.01297570000
238 29 0.01268040000
240 29 0.01213380000
242 29 0.01140400000
244 29 0.01051490000
246 29 0.00961117000
248 29 0.00858955000
250 29 0.00763487000
252 29 0.00667583000
254 29 0.00576116000
256 29 0.00494051000
258 29 0.00414652000
260 29 0.00346370000
262 29 0.00283062000
264 29 0.00227867000
266 29 0.00172379000
268 29 0.00128726000
270 29 0.00089680700
272 29 0.00052842200
274 29 0.00015618700
276 29 -0.00020845900
278 29 -0.00056244900
280 29 -0.00102997000
282 29 -0.00149626000
284 29 -0.00213786000
286 29 -0.00281446000
288 29 -0.00357519000
290 29 -0.00446713000
292 29 -0.00535214000
294 29 -0.00624317000
296 29 -0.00712261000
298 29 -0.00787570000
300 29 -0.00848883000
302 29 -0.00892391000
304 29 -0.00912611000
306 29 -0.00910484000
308 29 -0.00887801000
310 29 -0.00838898000
312 29 -0.00778500000
314 29 -0.00709948000
316 29 -0.00626269000
318 29 -0.00540595000
320 29 -0.00458591000
322 29 -0.00388410000
324 29 -0.00331291000
326 29 -0.00287439000
328 29 -0.00269376000
330 29 -0.00264264000
332 29 -0.00285162000
334 29 -0.00314336000
336 29 -0.00357732000
338 29 -0.00405001000
340 29 -0.00458022000
342 29 -0.00506849000
344 29 -0.00552909000
346 29 -0.00591802000
348 29 -0.00623287000
350 29 -0.00648566000
352 29 -0.00672881000
354 29 -0.00685051000
356 29 -0.00704493000
358 29 -0.00713146000
360 29 -0.00719751000
362 29 -0.00720805000
364 29 -0.00724727000
366 29 -0.00714390000
368 29 -0.00696027000
370 29 -0.00670959000
372 29 -0.00629598000
374 29 -0.00575399000
376 29 -0.00510440000
378 29 -0.00422361000
380 29 -0.00322596000
382 29 -0.00203410000
384 29 -0.00069953900
386 29 0.00077800100
388 29 0.00232900000
390 29 0.00394910000
392 29 0.00556818000
394 29 0.00712140000
396 29 0.00851023000
398 29 0.00975974000
400 29 0.01080240000
402 29 0.01161760000
404 29 0.01214990000
406 29 0.01241120000
408 29 0.01234490000
410 29 0.01204910000
412 29 0.01158230000
414 29 0.01088890000
416 29 0.01005900000
418 29 0.00909995000
420 29 0.00803805000
422 29 0.00692951000
424 29 0.00580736000
426 29 0.00469144000
428 29 0.00357004000
430 29 0.00248322000
432 29 0.00153535000
434 29 0.00061888400
436 29 -0.00015466100
438 29 -0.00083677100
440 29 -0.00136793000
442 29 -0.00178090000
444 29 -0.00206797000
446 29 -0.00223503000
448 29 -0.00226439000
450 29 -0.00217794000
452 29 -0.00202445000
454 29 -0.00169198000
456 29 -0.00127356000
458 29 -0.00078288400
460 29 -0.00020903700
462 29 0.00038378900
464 29 0.00102222000
466 29 0.00167378000
468 29 0.00227553000
470 29 0.00288199000
472 29 0.00336080000
474 29 0.00377060000
476 29 0.00403195000
478 29 0.00413938000
480 29 0.00413052000
482 29 0.00402404000
484 29 0.00376245000
486 29 0.00341932000
488 29 0.00299587000
490 29 0.00251596000
492 29 0.00203555000
494 29 0.00153620000
496 29 0.00110972000
498 29 0.00075183100
500 29 0.00047976200
502 29 0.00027422000
504 29 0.00017026800
506 29 0.00018692400
508 29 0.00021054800
510 29 0.00033370300
512 29 0.00049647800
514 29 0.00068610400
516 29 0.00085604600
518 29 0.00102280000
520 29 0.00117252000
522 29 0.00125132000
524 29 0.00129637000
526 29 0.00125513000
528 29 0.00112457000
530 29 0.00088926900
532 29 0.00057831300
534 29 0.00021276700
536 29 -0.00023753000
538 29 -0.00077018200
540 29 -0.00129512000
542 29 -0.00182446000
544 29 -0.00235902000
546 29 -0.00285724000
548 29 -0.00329322000
550 29 -0.00362676000
552 29 -0.00387324000
554 29 -0.00407215000
556 29 -0.00415541000
558 29 -0.00414740000
560 29 -0.00411529000
562 29 -0.00394249000
564 29 -0.00373691000
566 29 -0.00347096000
568 29 -0.00319335000
570 29 -0.00290591000
572 29 -0.00261919000
574 29 -0.00230409000
576 29 -0.00206720000
578 29 -0.00180615000
580 29 -0.00172276000
582 29 -0.00159904000
584 29 -0.00148247000
586 29 -0.00142317000
588 29 -0.00140698000
590 29 -0.00143783000
592 29 -0.00149520000
594 29 -0.00156677000
596 29 -0.00163557000
598 29 -0.00174903000
600 29 -0.00181600000
602 29 -0.00191121000
604 29 -0.00197631000
606 29 -0.00197427000
608 29 -0.00194202000
610 29 -0.00187233000
612 29 -0.00174881000
614 29 -0.00157293000
616 29 -0.00135211000
618 29 -0.00110882000
620 29 -0.00080096700
622 29 -0.00046004300
624 29 -0.00010481000
626 29 0.00026770200
628 29 0.00063972000
630 29 0.00104002000
632 29 0.00145437000
634 29 0.00191023000
636 29 0.00240185000
638 29 0.00295652000
640 29 0.00351414000
642 29 0.00412447000
644 29 0.00483964000
646 29 0.00556557000
648 29 0.00635904000
650 29 0.00712705000
652 29 0.00792665000
654 29 0.00864101000
656 29 0.00930970000
658 29 0.00983537000
660 29 0.01024330000
662 29 0.01042080000
664 29 0.01050490000
666 29 0.01040560000
668 29 0.01013530000
670 29 0.00969204000
672 29 0.00911896000
674 29 0.00836496000
676 29 0.00755919000
678 29 0.00664678000
680 29 0.00571143000
682 29 0.00479078000
684 29 0.00388237000
686 29 0.00305713000
688 29 0.00229415000
690 29 0.00168260000
692 29 0.00114644000
694 29 0.00074718900
696 29 0.00048870500
698 29 0.00033322900
700 29 0.00029907200
702 29 0.00034569600
704 29 0.00049694000
706 29 0.00071103000
708 29 0.00100966000
710 29 0.00130785000
712 29 0.00162633000
714 29 0.00196498000
716 29 0.00230891000
718 29 0.00259970000
720 29 0.00283695000
722 29 0.00299054000
724 29 0.00310969000
726 29 0.00311278000
728 29 0.00307763000
730 29 0.00296860000
732 29 0.00287367000
734 29 0.00268602000
736 29 0.00247239000
738 29 0.00228791000
740 29 0.00212606000
742 29 0.00198771000
744 29 0.00185015000
746 29 0.00179826000
748 29 0.00173524000
750 29 0.00177719000
752 29 0.00184229000
754 29 0.00200690000
756 29 0.00214948000
758 29 0.00232840000
760 29 0.00256082000
762 29 0.00276337000
764 29 0.00296120000
766 29 0.00315313000
768 29 0.00330488000
770 29 0.00342922000
772 29 0.00349115000
774 29 0.00351255000
776 29 0.00350581000
778 29 0.00346659000
780 29 0.00333415000
782 29 0.00322079000
784 29 0.00303643000
786 29 0.00284289000
788 29 0.00261900000
790 29 0.00238305000
792 29 0.00214247000
794 29 0.00188303000
796 29 0.00165799000
798 29 0.00144579000
800 29 0.00123351000
802 29 0.00104901000
804 29 0.00088940700
806 29 0.00075597600
808 29 0.00064241800
810 29 0.00052761500
812 29 0.00044674700
814 29 0.00037972600
816 29 0.00031730500
818 29 0.00027249400
820 29 0.00022959300
822 29 0.00020681400
824 29 0.00017415600
826 29 0.00012407300
828 29 0.00010023400
830 29 0.00008258970
832 29 0.00007940990
834 29 0.00004496100
836 29 0.00007957480
838 29 0.00012609900
840 29 0.00018644100
842 29 0.00026301600
844 29 0.00034458700
846 29 0.00041284600
848 29 0.00050687400
850 29 0.00058835900
>
150 29.5 0.01523640000
152 29.5 0.01427170000
154 29.5 0.01311680000
156 29.5 0.01164120000
158 29.5 0.01008900000
160 29.5 0.00825355000
162 29.5 0.00640630000
164 29.5 0.00439255000
166 29.5 0.00241480000
168 29.5 0.00040184100
170 29.5 -0.00158405000
172 29.5 -0.00345220000
174 29.5 -0.00527588000
176 29.5 -0.00688288000
178 29.5 -0.00829696000
180 29.5 -0.00942116000
182 29.5 -0.01025990000
184 29.5 -0.01074800000
186 29.5 -0.01089960000
188 29.5 -0.01070460000
190 29.5 -0.01016470000
192 29.5 -0.00940058000
194 29.5 -0.00835297000
196 29.5 -0.00724343000
198 29.5 -0.00601044000
200 29.5 -0.00489756000
202 29.5 -0.00372793000
204 29.5 -0.00276340000
206 29.5 -0.00181237000
208 29.5 -0.00100991000
210 29.5 -0.00021692800
212 29.5 0.00052150900
214 29.5 0.00125193000
216 29.5 0.00204767000
218 29.5 0.00284597000
220 29.5 0.00377820000
222 29.5 0.00472439000
224 29.5 0.00573932000
226 29.5 0.00674348000
228 29.5 0.00776725000
230 29.5 0.00863797000
232 29.5 0.00929848000
234 29.5 0.00986833000
236 29.5 0.01021620000
238 29.5 0.01038280000
240 29.5 0.01031780000
242 29.5 0.01003250000
244 29.5 0.00961630000
246 29.5 0.00910413000
248 29.5 0.00846558000
250 29.5 0.00785609000
252 29.5 0.00723394000
254 29.5 0.00661518000
256 29.5 0.00604170000
258 29.5 0.00549496000
260 29.5 0.00499167000
262 29.5 0.00443483000
264 29.5 0.00392751000
266 29.5 0.00334230000
268 29.5 0.00276314000
270 29.5 0.00213997000
272 29.5 0.00147765000
274 29.5 0.00076087700
276 29.5 0.00000037203
278 29.5 -0.00077324600
280 29.5 -0.00163488000
282 29.5 -0.00253051000
284 29.5 -0.00346709000
286 29.5 -0.00443347000
288 29.5 -0.00543816000
290 29.5 -0.00647777000
292 29.5 -0.00744616000
294 29.5 -0.00842377000
296 29.5 -0.00923775000
298 29.5 -0.00996812000
300 29.5 -0.01049970000
302 29.5 -0.01083750000
304 29.5 -0.01097590000
306 29.5 -0.01085430000
308 29.5 -0.01056600000
310 29.5 -0.01005270000
312 29.5 -0.00942819000
314 29.5 -0.00876239000
316 29.5 -0.00793413000
318 29.5 -0.00708432000
320 29.5 -0.00626312000
322 29.5 -0.00550856000
324 29.5 -0.00478481000
326 29.5 -0.00422646000
328 29.5 -0.00378875000
330 29.5 -0.00347487000
332 29.5 -0.00334804000
334 29.5 -0.00331004000
336 29.5 -0.00341830000
338 29.5 -0.00363370000
340 29.5 -0.00389914000
342 29.5 -0.00423318000
344 29.5 -0.00453689000
346 29.5 -0.00484469000
348 29.5 -0.00507993000
350 29.5 -0.00524922000
352 29.5 -0.00535518000
354 29.5 -0.00535686000
356 29.5 -0.00527425000
358 29.5 -0.00511343000
360 29.5 -0.00479382000
362 29.5 -0.00443823000
364 29.5 -0.00399463000
366 29.5 -0.00345595000
368 29.5 -0.00285758000
370 29.5 -0.00218912000
372 29.5 -0.00145954000
374 29.5 -0.00066234900
376 29.5 0.00014498300
378 29.5 0.00103443000
380 29.5 0.00194748000
382 29.5 0.00288191000
384 29.5 0.00390817000
386 29.5 0.00490823000
388 29.5 0.00593698000
390 29.5 0.00693193000
392 29.5 0.00789790000
394 29.5 0.00880413000
396 29.5 0.00949739000
398 29.5 0.01014780000
400 29.5 0.01062260000
402 29.5 0.01090650000
404 29.5 0.01098450000
406 29.5 0.01085120000
408 29.5 0.01044490000
410 29.5 0.00987145000
412 29.5 0.00914406000
414 29.5 0.00829319000
416 29.5 0.00733833000
418 29.5 0.00628725000
420 29.5 0.00518943000
422 29.5 0.00413391000
424 29.5 0.00312309000
426 29.5 0.00214449000
428 29.5 0.00125962000
430 29.5 0.00043833500
432 29.5 -0.00019348500
434 29.5 -0.00076880400
436 29.5 -0.00120174000
438 29.5 -0.00151072000
440 29.5 -0.00170340000
442 29.5 -0.00178359000
444 29.5 -0.00175869000
446 29.5 -0.00161072000
448 29.5 -0.00134402000
450 29.5 -0.00099507200
452 29.5 -0.00054698000
454 29.5 -0.00001510110
456 29.5 0.00057805400
458 29.5 0.00119941000
460 29.5 0.00183120000
462 29.5 0.00242336000
464 29.5 0.00296733000
466 29.5 0.00341670000
468 29.5 0.00372168000
470 29.5 0.00392999000
472 29.5 0.00395762000
474 29.5 0.00387249000
476 29.5 0.00363280000
478 29.5 0.00322672000
480 29.5 0.00279838000
482 29.5 0.00231614000
484 29.5 0.00183099000
486 29.5 0.00133546000
488 29.5 0.00086213000
490 29.5 0.00043626700
492 29.5 0.00009946740
494 29.5 -0.00021752000
496 29.5 -0.00040359500
498 29.5 -0.00053265100
500 29.5 -0.00058686800
502 29.5 -0.00058723000
504 29.5 -0.00057139000
506 29.5 -0.00052165100
508 29.5 -0.00048962500
510 29.5 -0.00044321000
512 29.5 -0.00039475900
514 29.5 -0.00033197500
516 29.5 -0.00028260400
518 29.5 -0.00021536900
520 29.5 -0.00011326400
522 29.5 0.00002091310
524 29.5 0.00020126700
526 29.5 0.00040466900
528 29.5 0.00064421900
530 29.5 0.00094940600
532 29.5 0.00124775000
534 29.5 0.00157217000
536 29.5 0.00187440000
538 29.5 0.00217828000
540 29.5 0.00245736000
542 29.5 0.00271091000
544 29.5 0.00290858000
546 29.5 0.00299199000
548 29.5 0.00303535000
550 29.5 0.00296956000
552 29.5 0.00285179000
554 29.5 0.00262813000
556 29.5 0.00238470000
558 29.5 0.00209069000
560 29.5 0.00171977000
562 29.5 0.00142858000
564 29.5 0.00114836000
566 29.5 0.00096428300
568 29.5 0.00082378300
570 29.5 0.00078084100
572 29.5 0.00079148600
574 29.5 0.00090328300
576 29.5 0.00105548000
578 29.5 0.00132374000
580 29.5 0.00147762000
582 29.5 0.00178280000
584 29.5 0.00210139000
586 29.5 0.00241630000
588 29.5 0.00273572000
590 29.5 0.00300521000
592 29.5 0.00323295000
594 29.5 0.00343800000
596 29.5 0.00358456000
598 29.5 0.00368214000
600 29.5 0.00374726000
602 29.5 0.00375535000
604 29.5 0.00375774000
606 29.5 0.00372328000
608 29.5 0.00364797000
610 29.5 0.00358241000
612 29.5 0.00347239000
614 29.5 0.00336696000
616 29.5 0.00328778000
618 29.5 0.00318730000
620 29.5 0.00310085000
622 29.5 0.00304657000
624 29.5 0.00296842000
626 29.5 0.00297698000
628 29.5 0.00296527000
630 29.5 0.00299783000
632 29.5 0.00309520000
634 29.5 0.00322709000
636 29.5 0.00342330000
638 29.5 0.00370873000
640 29.5 0.00403996000
642 29.5 0.00446496000
644 29.5 0.00504945000
646 29.5 0.00567273000
648 29.5 0.00639011000
650 29.5 0.00717102000
652 29.5 0.00802855000
654 29.5 0.00884507000
656 29.5 0.00966993000
658 29.5 0.01043630000
660 29.5 0.01111040000
662 29.5 0.01154510000
664 29.5 0.01189280000
666 29.5 0.01200860000
668 29.5 0.01195480000
670 29.5 0.01168670000
672 29.5 0.01124380000
674 29.5 0.01061290000
676 29.5 0.00985587000
678 29.5 0.00898841000
680 29.5 0.00801710000
682 29.5 0.00704544000
684 29.5 0.00605217000
686 29.5 0.00515267000
688 29.5 0.00427647000
690 29.5 0.00354519000
692 29.5 0.00287742000
694 29.5 0.00235433000
696 29.5 0.00195758000
698 29.5 0.00165804000
700 29.5 0.00146117000
702 29.5 0.00137625000
704 29.5 0.00136293000
706 29.5 0.00140482000
708 29.5 0.00152641000
710 29.5 0.00163364000
712 29.5 0.00173984000
714 29.5 0.00187575000
716 29.5 0.00198757000
718 29.5 0.00206838000
720 29.5 0.00211803000
722 29.5 0.00209302000
724 29.5 0.00205214000
726 29.5 0.00194828000
728 29.5 0.00181642000
730 29.5 0.00165233000
732 29.5 0.00149528000
734 29.5 0.00126994000
736 29.5 0.00099282600
738 29.5 0.00079071700
740 29.5 0.00056380700
742 29.5 0.00040178500
744 29.5 0.00024478800
746 29.5 0.00017306700
748 29.5 0.00010071000
750 29.5 0.00018740800
752 29.5 0.00032345800
754 29.5 0.00056310400
756 29.5 0.00085523900
758 29.5 0.00120734000
760 29.5 0.00159103000
762 29.5 0.00198203000
764 29.5 0.00237707000
766 29.5 0.00275917000
768 29.5 0.00305478000
770 29.5 0.00332004000
772 29.5 0.00349986000
774 29.5 0.00364393000
776 29.5 0.00373575000
778 29.5 0.00375443000
780 29.5 0.00374014000
782 29.5 0.00368227000
784 29.5 0.00359407000
786 29.5 0.00349143000
788 29.5 0.00336581000
790 29.5 0.00325772000
792 29.5 0.00310708000
794 29.5 0.00294914000
796 29.5 0.00279868000
798 29.5 0.00265154000
800 29.5 0.00249736000
802 29.5 0.00234492000
804 29.5 0.00221520000
806 29.5 0.00208726000
808 29.5 0.00196806000
810 29.5 0.00185104000
812 29.5 0.00173822000
814 29.5 0.00166451000
816 29.5 0.00159045000
818 29.5 0.00152033000
820 29.5 0.00147681000
822 29.5 0.00143264000
824 29.5 0.00141014000
826 29.5 0.00138036000
828 29.5 0.00138141000
830 29.5 0.00133075000
832 29.5 0.00133715000
834 29.5 0.00131190000
836 29.5 0.00132316000
838 29.5 0.00133862000
840 29.5 0.00136154000
842 29.5 0.00137447000
844 29.5 0.00138899000
846 29.5 0.00139603000
848 29.5 0.00140423000
850 29.5 0.00140959000
>
150 30 0.01380550000
152 30 0.01273220000
154 30 0.01140580000
156 30 0.00970823000
158 30 0.00790036000
160 30 0.00579708000
162 30 0.00365540000
164 30 0.00136201000
166 30 -0.00089143700
168 30 -0.00310000000
170 30 -0.00522589000
172 30 -0.00716495000
174 30 -0.00886224000
176 30 -0.01026990000
178 30 -0.01133240000
180 30 -0.01195470000
182 30 -0.01225320000
184 30 -0.01210990000
186 30 -0.01164120000
188 30 -0.01090240000
190 30 -0.00991229000
192 30 -0.00886536000
194 30 -0.00764578000
196 30 -0.00650771000
198 30 -0.00532292000
200 30 -0.00427286000
202 30 -0.00328755000
204 30 -0.00238450000
206 30 -0.00155391000
208 30 -0.00074421400
210 30 -0.00000529729
212 30 0.00073820800
214 30 0.00148990000
216 30 0.00221454000
218 30 0.00295658000
220 30 0.00370390000
222 30 0.00445091000
224 30 0.00516464000
226 30 0.00582474000
228 30 0.00644078000
230 30 0.00695052000
232 30 0.00730349000
234 30 0.00757865000
236 30 0.00770380000
238 30 0.00772964000
240 30 0.00763255000
242 30 0.00737854000
244 30 0.00711406000
246 30 0.00676797000
248 30 0.00641005000
250 30 0.00607526000
252 30 0.00576599000
254 30 0.00549625000
256 30 0.00526786000
258 30 0.00506682000
260 30 0.00492249000
262 30 0.00472080000
264 30 0.00454785000
266 30 0.00430516000
268 30 0.00402699000
270 30 0.00364648000
272 30 0.00317375000
274 30 0.00255540000
276 30 0.00180742000
278 30 0.00095612500
280 30 -0.00009305730
282 30 -0.00129845000
284 30 -0.00259564000
286 30 -0.00400697000
288 30 -0.00551854000
290 30 -0.00703693000
292 30 -0.00851052000
294 30 -0.00991417000
296 30 -0.01111220000
298 30 -0.01211870000
300 30 -0.01284080000
302 30 -0.01329450000
304 30 -0.01342150000
306 30 -0.01324710000
308 30 -0.01282190000
310 30 -0.01212790000
312 30 -0.01131340000
314 30 -0.01033180000
316 30 -0.00931661000
318 30 -0.00825432000
320 30 -0.00728891000
322 30 -0.00637318000
324 30 -0.00558948000
326 30 -0.00500620000
328 30 -0.00455115000
330 30 -0.00427352000
332 30 -0.00412226000
334 30 -0.00414999000
336 30 -0.00424399000
338 30 -0.00448750000
340 30 -0.00474283000
342 30 -0.00508064000
344 30 -0.00541599000
346 30 -0.00574776000
348 30 -0.00602807000
350 30 -0.00627385000
352 30 -0.00644120000
354 30 -0.00651906000
356 30 -0.00652208000
358 30 -0.00642505000
360 30 -0.00620505000
362 30 -0.00591573000
364 30 -0.00553594000
366 30 -0.00508284000
368 30 -0.00456001000
370 30 -0.00399119000
372 30 -0.00335882000
374 30 -0.00267198000
376 30 -0.00195180000
378 30 -0.00112985000
380 30 -0.00028318500
382 30 0.00064501000
384 30 0.00172407000
386 30 0.00280165000
388 30 0.00396876000
390 30 0.00516078000
392 30 0.00638120000
394 30 0.00757786000
396 30 0.00863036000
398 30 0.00960229000
400 30 0.01031220000
402 30 0.01085470000
404 30 0.01104660000
406 30 0.01100740000
408 30 0.01062390000
410 30 0.00999458000
412 30 0.00912938000
414 30 0.00807594000
416 30 0.00688292000
418 30 0.00565380000
420 30 0.00436074000
422 30 0.00315936000
424 30 0.00203335000
426 30 0.00102328000
428 30 0.00019891300
430 30 -0.00046078000
432 30 -0.00092182300
434 30 -0.00123523000
436 30 -0.00138176000
438 30 -0.00138142000
440 30 -0.00128248000
442 30 -0.00108409000
444 30 -0.00086795300
446 30 -0.00055269300
448 30 -0.00021052300
450 30 0.00012892700
452 30 0.00051121700
454 30 0.00085850000
456 30 0.00121934000
458 30 0.00154063000
460 30 0.00182360000
462 30 0.00204313000
464 30 0.00220530000
466 30 0.00228867000
468 30 0.00229804000
470 30 0.00222658000
472 30 0.00209336000
474 30 0.00191726000
476 30 0.00172305000
478 30 0.00146838000
480 30 0.00124622000
482 30 0.00104475000
484 30 0.00090371400
486 30 0.00077030700
488 30 0.00066552100
490 30 0.00059589600
492 30 0.00053499000
494 30 0.00049395100
496 30 0.00045069800
498 30 0.00040034500
500 30 0.00033874900
502 30 0.00025332400
504 30 0.00017092400
506 30 0.00006291200
508 30 -0.00004999880
510 30 -0.00016959600
512 30 -0.00030287400
514 30 -0.00041512000
516 30 -0.00050757100
518 30 -0.00058290100
520 30 -0.00064781300
522 30 -0.00068172900
524 30 -0.00070129200
526 30 -0.00068324500
528 30 -0.00068051600
530 30 -0.00062211500
532 30 -0.00056729700
534 30 -0.00048799300
536 30 -0.00042063600
538 30 -0.00031997400
540 30 -0.00020912600
542 30 -0.00008718800
544 30 0.00006401410
546 30 0.00016911200
548 30 0.00029493800
550 30 0.00037734400
552 30 0.00044822600
554 30 0.00050046600
556 30 0.00052516700
558 30 0.00055595800
560 30 0.00052745300
562 30 0.00052520300
564 30 0.00051836700
566 30 0.00056740100
568 30 0.00062718200
570 30 0.00072256800
572 30 0.00083964100
574 30 0.00099581200
576 30 0.00118876000
578 30 0.00145159000
580 30 0.00170521000
582 30 0.00200056000
584 30 0.00230449000
586 30 0.00258577000
588 30 0.00288125000
590 30 0.00311891000
592 30 0.00335060000
594 30 0.00353606000
596 30 0.00365054000
598 30 0.00375190000
600 30 0.00380507000
602 30 0.00381144000
604 30 0.00380712000
606 30 0.00376629000
608 30 0.00369954000
610 30 0.00363585000
612 30 0.00353914000
614 30 0.00345841000
616 30 0.00340509000
618 30 0.00334508000
620 30 0.00332328000
622 30 0.00329164000
624 30 0.00329572000
626 30 0.00334417000
628 30 0.00340623000
630 30 0.00348922000
632 30 0.00362418000
634 30 0.00380696000
636 30 0.00402559000
638 30 0.00432915000
640 30 0.00467111000
642 30 0.00509761000
644 30 0.00563120000
646 30 0.00620406000
648 30 0.00684938000
650 30 0.00752474000
652 30 0.00823891000
654 30 0.00892161000
656 30 0.00959401000
658 30 0.01021800000
660 30 0.01074040000
662 30 0.01110430000
664 30 0.01137300000
666 30 0.01148700000
668 30 0.01145860000
670 30 0.01125390000
672 30 0.01091940000
674 30 0.01047180000
676 30 0.00989323000
678 30 0.00923167000
680 30 0.00849396000
682 30 0.00773505000
684 30 0.00693573000
686 30 0.00620807000
688 30 0.00548047000
690 30 0.00481988000
692 30 0.00419998000
694 30 0.00367210000
696 30 0.00318682000
698 30 0.00276215000
700 30 0.00235593000
702 30 0.00202506000
704 30 0.00169858000
706 30 0.00136957000
708 30 0.00111652000
710 30 0.00083468800
712 30 0.00056697900
714 30 0.00036016800
716 30 0.00018204500
718 30 0.00004512730
720 30 -0.00003845950
722 30 -0.00009445210
724 30 -0.00007627340
726 30 0.00000735995
728 30 0.00011002700
730 30 0.00023970700
732 30 0.00036424200
734 30 0.00050418400
736 30 0.00058887000
738 30 0.00066746400
740 30 0.00072134400
742 30 0.00072620800
744 30 0.00067031800
746 30 0.00062889100
748 30 0.00048355800
750 30 0.00037492200
752 30 0.00023032700
754 30 0.00010953500
756 30 -0.00002239780
758 30 -0.00010274800
760 30 -0.00024021400
762 30 -0.00030398400
764 30 -0.00035001000
766 30 -0.00038194200
768 30 -0.00039133300
770 30 -0.00037063200
772 30 -0.00035963400
774 30 -0.00028374700
776 30 -0.00023123400
778 30 -0.00013086300
780 30 -0.00003283470
782 30 0.00005449840
784 30 0.00014523700
786 30 0.00024469100
788 30 0.00033159000
790 30 0.00040218200
792 30 0.00045184300
794 30 0.00047572600
796 30 0.00047623100
798 30 0.00047055700
800 30 0.00042464900
802 30 0.00038552200
804 30 0.00034069100
806 30 0.00028189400
808 30 0.00022840600
810 30 0.00017559200
812 30 0.00011695900
814 30 0.00008963750
816 30 0.00005656610
818 30 0.00002331280
820 30 0.00001386280
822 30 0.00000007531
824 30 0.00001532840
826 30 0.00003320450
828 30 0.00006774690
830 30 0.00006502030
832 30 0.00010576200
834 30 0.00013135800
836 30 0.00016740500
838 30 0.00019914100
840 30 0.00023934600
842 30 0.00027314100
844 30 0.00030406400
846 30 0.00033534100
848 30 0.00036033800
850 30 0.00038336200
>
150 30.5 0.00577186000
152 30.5 0.00510030000
154 30.5 0.00428815000
156 30.5 0.00333944000
158 30.5 0.00227486000
160 30.5 0.00107397000
162 30.5 -0.00023934300
164 30.5 -0.00171644000
166 30.5 -0.00328326000
168 30.5 -0.00491750000
170 30.5 -0.00664899000
172 30.5 -0.00840362000
174 30.5 -0.01010630000
176 30.5 -0.01170810000
178 30.5 -0.01315520000
180 30.5 -0.01430410000
182 30.5 -0.01526060000
184 30.5 -0.01582680000
186 30.5 -0.01611560000
188 30.5 -0.01609110000
190 30.5 -0.01576820000
192 30.5 -0.01523080000
194 30.5 -0.01442050000
196 30.5 -0.01348760000
198 30.5 -0.01233130000
200 30.5 -0.01108090000
202 30.5 -0.00975117000
204 30.5 -0.00828957000
206 30.5 -0.00677213000
208 30.5 -0.00518110000
210 30.5 -0.00358054000
212 30.5 -0.00197788000
214 30.5 -0.00037075300
216 30.5 0.00114545000
218 30.5 0.00261501000
220 30.5 0.00394085000
222 30.5 0.00515006000
224 30.5 0.00618489000
226 30.5 0.00704856000
228 30.5 0.00773479000
230 30.5 0.00826463000
232 30.5 0.00855782000
234 30.5 0.00875441000
236 30.5 0.00880426000
238 30.5 0.00871686000
240 30.5 0.00853723000
242 30.5 0.00824777000
244 30.5 0.00791910000
246 30.5 0.00757388000
248 30.5 0.00725112000
250 30.5 0.00696856000
252 30.5 0.00673074000
254 30.5 0.00661915000
256 30.5 0.00663681000
258 30.5 0.00669245000
260 30.5 0.00691617000
262 30.5 0.00714819000
264 30.5 0.00742548000
266 30.5 0.00768532000
268 30.5 0.00786261000
270 30.5 0.00791766000
272 30.5 0.00777431000
274 30.5 0.00740096000
276 30.5 0.00678803000
278 30.5 0.00593872000
280 30.5 0.00481088000
282 30.5 0.00345261000
284 30.5 0.00191384000
286 30.5 0.00025239100
288 30.5 -0.00150090000
290 30.5 -0.00321424000
292 30.5 -0.00488056000
294 30.5 -0.00639324000
296 30.5 -0.00771569000
298 30.5 -0.00877415000
300 30.5 -0.00955096000
302 30.5 -0.01005880000
304 30.5 -0.01021210000
306 30.5 -0.01012850000
308 30.5 -0.00975495000
310 30.5 -0.00918037000
312 30.5 -0.00845548000
314 30.5 -0.00761473000
316 30.5 -0.00669899000
318 30.5 -0.00575830000
320 30.5 -0.00487354000
322 30.5 -0.00402336000
324 30.5 -0.00330656000
326 30.5 -0.00272441000
328 30.5 -0.00224413000
330 30.5 -0.00191786000
332 30.5 -0.00167297000
334 30.5 -0.00157877000
336 30.5 -0.00156319000
338 30.5 -0.00164580000
340 30.5 -0.00182204000
342 30.5 -0.00208598000
344 30.5 -0.00244639000
346 30.5 -0.00285829000
348 30.5 -0.00332046000
350 30.5 -0.00384010000
352 30.5 -0.00434534000
354 30.5 -0.00482657000
356 30.5 -0.00530861000
358 30.5 -0.00565723000
360 30.5 -0.00598101000
362 30.5 -0.00613766000
364 30.5 -0.00624207000
366 30.5 -0.00618649000
368 30.5 -0.00605309000
370 30.5 -0.00582654000
372 30.5 -0.00549005000
374 30.5 -0.00506880000
376 30.5 -0.00457828000
378 30.5 -0.00395278000
380 30.5 -0.00330472000
382 30.5 -0.00251468000
384 30.5 -0.00163224000
386 30.5 -0.00070392000
388 30.5 0.00029844600
390 30.5 0.00136577000
392 30.5 0.00242487000
394 30.5 0.00349647000
396 30.5 0.00448444000
398 30.5 0.00540303000
400 30.5 0.00614766000
402 30.5 0.00677691000
404 30.5 0.00717223000
406 30.5 0.00736394000
408 30.5 0.00734479000
410 30.5 0.00712878000
412 30.5 0.00671739000
414 30.5 0.00612048000
416 30.5 0.00537612000
418 30.5 0.00460629000
420 30.5 0.00372912000
422 30.5 0.00285484000
424 30.5 0.00198857000
426 30.5 0.00118438000
428 30.5 0.00046454800
430 30.5 -0.00013231600
432 30.5 -0.00062118600
434 30.5 -0.00099184000
436 30.5 -0.00126468000
438 30.5 -0.00142094000
440 30.5 -0.00150380000
442 30.5 -0.00148552000
444 30.5 -0.00147714000
446 30.5 -0.00138021000
448 30.5 -0.00127283000
450 30.5 -0.00117210000
452 30.5 -0.00104943000
454 30.5 -0.00094448400
456 30.5 -0.00082928700
458 30.5 -0.00072971800
460 30.5 -0.00062125500
462 30.5 -0.00053177600
464 30.5 -0.00044299000
466 30.5 -0.00038884600
468 30.5 -0.00031297300
470 30.5 -0.00025556200
472 30.5 -0.00017549900
474 30.5 -0.00012898700
476 30.5 -0.00003406760
478 30.5 0.00002717970
480 30.5 0.00011728100
482 30.5 0.00019807000
484 30.5 0.00027649300
486 30.5 0.00035083300
488 30.5 0.00040631600
490 30.5 0.00042501500
492 30.5 0.00039343800
494 30.5 0.00035732900
496 30.5 0.00028149500
498 30.5 0.00017154100
500 30.5 0.00004807050
502 30.5 -0.00008221490
504 30.5 -0.00017653100
506 30.5 -0.00025429500
508 30.5 -0.00028804900
510 30.5 -0.00028660600
512 30.5 -0.00026097100
514 30.5 -0.00019108000
516 30.5 -0.00008114200
518 30.5 0.00003031750
520 30.5 0.00012281800
522 30.5 0.00020105200
524 30.5 0.00021740200
526 30.5 0.00019141900
528 30.5 0.00007645430
530 30.5 -0.00008957820
532 30.5 -0.00034345800
534 30.5 -0.00063129800
536 30.5 -0.00098504300
538 30.5 -0.00134122000
540 30.5 -0.00172029000
542 30.5 -0.00208800000
544 30.5 -0.00240719000
546 30.5 -0.00271738000
548 30.5 -0.00295167000
550 30.5 -0.00312366000
552 30.5 -0.00325311000
554 30.5 -0.00331273000
556 30.5 -0.00333950000
558 30.5 -0.00332363000
560 30.5 -0.00333875000
562 30.5 -0.00328191000
564 30.5 -0.00321352000
566 30.5 -0.00316141000
568 30.5 -0.00308984000
570 30.5 -0.00306318000
572 30.5 -0.00301545000
574 30.5 -0.00296724000
576 30.5 -0.00287606000
578 30.5 -0.00274709000
580 30.5 -0.00258190000
582 30.5 -0.00239316000
584 30.5 -0.00214521000
586 30.5 -0.00187735000
588 30.5 -0.00155953000
590 30.5 -0.00123527000
592 30.5 -0.00088511200
594 30.5 -0.00053082200
596 30.5 -0.00019637100
598 30.5 0.00014083700
600 30.5 0.00046598500
602 30.5 0.00074761700
604 30.5 0.00099467000
606 30.5 0.00122688000
608 30.5 0.00141798000
610 30.5 0.00157707000
612 30.5 0.00169057000
614 30.5 0.00178435000
616 30.5 0.00184945000
618 30.5 0.00189654000
620 30.5 0.00194871000
622 30.5 0.00195754000
624 30.5 0.00201362000
626 30.5 0.00206186000
628 30.5 0.00216315000
630 30.5 0.00228654000
632 30.5 0.00244540000
634 30.5 0.00270968000
636 30.5 0.00301568000
638 30.5 0.00341603000
640 30.5 0.00386054000
642 30.5 0.00437928000
644 30.5 0.00497962000
646 30.5 0.00560319000
648 30.5 0.00625739000
650 30.5 0.00691346000
652 30.5 0.00755766000
654 30.5 0.00817005000
656 30.5 0.00870149000
658 30.5 0.00916574000
660 30.5 0.00952697000
662 30.5 0.00977064000
664 30.5 0.00991426000
666 30.5 0.00995096000
668 30.5 0.00986128000
670 30.5 0.00964085000
672 30.5 0.00931894000
674 30.5 0.00891489000
676 30.5 0.00838165000
678 30.5 0.00779032000
680 30.5 0.00715213000
682 30.5 0.00644489000
684 30.5 0.00569910000
686 30.5 0.00498362000
688 30.5 0.00427912000
690 30.5 0.00358629000
692 30.5 0.00294823000
694 30.5 0.00238102000
696 30.5 0.00185248000
698 30.5 0.00140130000
700 30.5 0.00099010600
702 30.5 0.00065934600
704 30.5 0.00035848500
706 30.5 0.00005984630
708 30.5 -0.00014311300
710 30.5 -0.00036092200
712 30.5 -0.00054556900
714 30.5 -0.00068039900
716 30.5 -0.00077963300
718 30.5 -0.00083375500
720 30.5 -0.00083945700
722 30.5 -0.00081780300
724 30.5 -0.00071885600
726 30.5 -0.00053579800
728 30.5 -0.00032818900
730 30.5 -0.00009089360
732 30.5 0.00014418700
734 30.5 0.00042261900
736 30.5 0.00066673900
738 30.5 0.00090031400
740 30.5 0.00110007000
742 30.5 0.00120543000
744 30.5 0.00123580000
746 30.5 0.00125911000
748 30.5 0.00115947000
750 30.5 0.00102131000
752 30.5 0.00079773400
754 30.5 0.00054073400
756 30.5 0.00022660100
758 30.5 -0.00007980110
760 30.5 -0.00045864500
762 30.5 -0.00078429800
764 30.5 -0.00111870000
766 30.5 -0.00143349000
768 30.5 -0.00167666000
770 30.5 -0.00186125000
772 30.5 -0.00202080000
774 30.5 -0.00205373000
776 30.5 -0.00206843000
778 30.5 -0.00197370000
780 30.5 -0.00183492000
782 30.5 -0.00166700000
784 30.5 -0.00145286000
786 30.5 -0.00122694000
788 30.5 -0.00096886700
790 30.5 -0.00075404800
792 30.5 -0.00053322300
794 30.5 -0.00034154500
796 30.5 -0.00016006600
798 30.5 -0.00002277990
800 30.5 0.00006497500
802 30.5 0.00011346200
804 30.5 0.00014773500
806 30.5 0.00017370200
808 30.5 0.00016469500
810 30.5 0.00013751200
812 30.5 0.00010000400
814 30.5 0.00007991860
816 30.5 0.00003724720
818 30.5 -0.00000281878
820 30.5 -0.00004251330
822 30.5 -0.00007363510
824 30.5 -0.00009328620
826 30.5 -0.00011014600
828 30.5 -0.00011135900
830 30.5 -0.00010979100
832 30.5 -0.00009649100
834 30.5 -0.00009259260
836 30.5 -0.00007414200
838 30.5 -0.00005775590
840 30.5 -0.00003373860
842 30.5 -0.00000325867
844 30.5 0.00001809190
846 30.5 0.00004948020
848 30.5 0.00006451220
850 30.5 0.00008830640
>
150 31 0.00080190400
152 31 0.00102646000
154 31 0.00118432000
156 31 0.00127397000
158 31 0.00120076000
160 31 0.00101468000
162 31 0.00056284200
164 31 -0.00003757560
166 31 -0.00087469900
168 31 -0.00188401000
170 31 -0.00307384000
172 31 -0.00440027000
174 31 -0.00578086000
176 31 -0.00720169000
178 31 -0.00856295000
180 31 -0.00978789000
182 31 -0.01090020000
184 31 -0.01176120000
186 31 -0.01241770000
188 31 -0.01281940000
190 31 -0.01294460000
192 31 -0.01280960000
194 31 -0.01243700000
196 31 -0.01179870000
198 31 -0.01096960000
200 31 -0.00991795000
202 31 -0.00871861000
204 31 -0.00729307000
206 31 -0.00577586000
208 31 -0.00414331000
210 31 -0.00241784000
212 31 -0.00071771700
214 31 0.00101666000
216 31 0.00265069000
218 31 0.00420889000
220 31 0.00559674000
222 31 0.00679024000
224 31 0.00777639000
226 31 0.00850283000
228 31 0.00898934000
230 31 0.00927627000
232 31 0.00927843000
234 31 0.00915651000
236 31 0.00890102000
238 31 0.00851361000
240 31 0.00810717000
242 31 0.00769331000
244 31 0.00730560000
246 31 0.00700560000
248 31 0.00683422000
250 31 0.00679331000
252 31 0.00689801000
254 31 0.00716747000
256 31 0.00765608000
258 31 0.00818217000
260 31 0.00888277000
262 31 0.00958102000
264 31 0.01024110000
266 31 0.01084890000
268 31 0.01126640000
270 31 0.01149270000
272 31 0.01141080000
274 31 0.01103070000
276 31 0.01037460000
278 31 0.00939102000
280 31 0.00817548000
282 31 0.00675428000
284 31 0.00517116000
286 31 0.00356460000
288 31 0.00188155000
290 31 0.00032735700
292 31 -0.00116028000
294 31 -0.00246818000
296 31 -0.00360132000
298 31 -0.00451831000
300 31 -0.00517852000
302 31 -0.00564246000
304 31 -0.00583660000
306 31 -0.00582317000
308 31 -0.00558777000
310 31 -0.00522898000
312 31 -0.00473883000
314 31 -0.00419848000
316 31 -0.00357027000
318 31 -0.00295445000
320 31 -0.00236243000
322 31 -0.00179893000
324 31 -0.00127791000
326 31 -0.00079379500
328 31 -0.00031320700
330 31 0.00010282200
332 31 0.00053367200
334 31 0.00091788600
336 31 0.00121760000
338 31 0.00150974000
340 31 0.00167537000
342 31 0.00171550000
344 31 0.00163301000
346 31 0.00138835000
348 31 0.00097910800
350 31 0.00042515400
352 31 -0.00019294700
354 31 -0.00092244600
356 31 -0.00166498000
358 31 -0.00234116000
360 31 -0.00299060000
362 31 -0.00348146000
364 31 -0.00386348000
366 31 -0.00406392000
368 31 -0.00415548000
370 31 -0.00407741000
372 31 -0.00387931000
374 31 -0.00354269000
376 31 -0.00311807000
378 31 -0.00258087000
380 31 -0.00199119000
382 31 -0.00131261000
384 31 -0.00060656600
386 31 0.00017147800
388 31 0.00098286100
390 31 0.00183104000
392 31 0.00268016000
394 31 0.00355064000
396 31 0.00440399000
398 31 0.00517962000
400 31 0.00597339000
402 31 0.00660729000
404 31 0.00711747000
406 31 0.00743783000
408 31 0.00758036000
410 31 0.00753928000
412 31 0.00728464000
414 31 0.00684855000
416 31 0.00622024000
418 31 0.00545334000
420 31 0.00456219000
422 31 0.00362495000
424 31 0.00267155000
426 31 0.00173329000
428 31 0.00081707200
430 31 0.00003947120
432 31 -0.00063641000
434 31 -0.00119229000
436 31 -0.00164834000
438 31 -0.00200851000
440 31 -0.00224860000
442 31 -0.00239426000
444 31 -0.00248886000
446 31 -0.00248178000
448 31 -0.00245160000
450 31 -0.00238475000
452 31 -0.00226872000
454 31 -0.00211234000
456 31 -0.00193847000
458 31 -0.00170960000
460 31 -0.00141764000
462 31 -0.00110883000
464 31 -0.00077131300
466 31 -0.00045257000
468 31 -0.00011294500
470 31 0.00023688300
472 31 0.00055924900
474 31 0.00081822900
476 31 0.00107540000
478 31 0.00126032000
480 31 0.00142672000
482 31 0.00152775000
484 31 0.00153843000
486 31 0.00153775000
488 31 0.00146475000
490 31 0.00134216000
492 31 0.00117540000
494 31 0.00095030700
496 31 0.00075636700
498 31 0.00054466500
500 31 0.00038586600
502 31 0.00025672700
504 31 0.00015730800
506 31 0.00011419700
508 31 0.00016821000
510 31 0.00025308800
512 31 0.00040152600
514 31 0.00060722900
516 31 0.00084077100
518 31 0.00103425000
520 31 0.00125871000
522 31 0.00142240000
524 31 0.00150759000
526 31 0.00150492000
528 31 0.00143184000
530 31 0.00125114000
532 31 0.00097328300
534 31 0.00062689200
536 31 0.00017233600
538 31 -0.00029911000
540 31 -0.00083512700
542 31 -0.00136986000
544 31 -0.00190221000
546 31 -0.00240419000
548 31 -0.00284644000
550 31 -0.00321291000
552 31 -0.00350348000
554 31 -0.00369563000
556 31 -0.00381756000
558 31 -0.00386925000
560 31 -0.00389982000
562 31 -0.00378143000
564 31 -0.00365185000
566 31 -0.00350612000
568 31 -0.00330261000
570 31 -0.00311275000
572 31 -0.00288304000
574 31 -0.00265935000
576 31 -0.00240106000
578 31 -0.00212007000
580 31 -0.00184580000
582 31 -0.00155129000
584 31 -0.00121563000
586 31 -0.00085183700
588 31 -0.00049744600
590 31 -0.00015925000
592 31 0.00013733400
594 31 0.00041143100
596 31 0.00065219300
598 31 0.00083034900
600 31 0.00094721100
602 31 0.00100425000
604 31 0.00101160000
606 31 0.00097601200
608 31 0.00091326500
610 31 0.00080214500
612 31 0.00068313300
614 31 0.00056003000
616 31 0.00041508700
618 31 0.00029901200
620 31 0.00020998900
622 31 0.00014986500
624 31 0.00012979100
626 31 0.00016065500
628 31 0.00028884500
630 31 0.00050677200
632 31 0.00080116900
634 31 0.00122496000
636 31 0.00176755000
638 31 0.00238533000
640 31 0.00312763000
642 31 0.00392863000
644 31 0.00481139000
646 31 0.00570132000
648 31 0.00660994000
650 31 0.00747217000
652 31 0.00827012000
654 31 0.00900054000
656 31 0.00958633000
658 31 0.01006450000
660 31 0.01038510000
662 31 0.01055100000
664 31 0.01059060000
666 31 0.01049360000
668 31 0.01028960000
670 31 0.00994566000
672 31 0.00950289000
674 31 0.00895861000
676 31 0.00838651000
678 31 0.00777048000
680 31 0.00712494000
682 31 0.00643922000
684 31 0.00576245000
686 31 0.00512117000
688 31 0.00450578000
690 31 0.00394272000
692 31 0.00341237000
694 31 0.00295141000
696 31 0.00254695000
698 31 0.00220105000
700 31 0.00193266000
702 31 0.00169879000
704 31 0.00152523000
706 31 0.00138503000
708 31 0.00130995000
710 31 0.00123747000
712 31 0.00117178000
714 31 0.00113431000
716 31 0.00108420000
718 31 0.00105452000
720 31 0.00101378000
722 31 0.00093573500
724 31 0.00084138600
726 31 0.00079097600
728 31 0.00074404800
730 31 0.00066952400
732 31 0.00065278300
734 31 0.00064557800
736 31 0.00064136100
738 31 0.00070228300
740 31 0.00075304200
742 31 0.00082819900
744 31 0.00087428900
746 31 0.00098879500
748 31 0.00108549000
750 31 0.00121555000
752 31 0.00130871000
754 31 0.00137522000
756 31 0.00142280000
758 31 0.00145538000
760 31 0.00141464000
762 31 0.00135997000
764 31 0.00127004000
766 31 0.00115609000
768 31 0.00101281000
770 31 0.00088830700
772 31 0.00072157800
774 31 0.00061332500
776 31 0.00048087500
778 31 0.00042008600
780 31 0.00040192700
782 31 0.00038531300
784 31 0.00041539700
786 31 0.00044785700
788 31 0.00052706200
790 31 0.00059695100
792 31 0.00067098800
794 31 0.00073234300
796 31 0.00082838000
798 31 0.00086066900
800 31 0.00087922300
802 31 0.00084496400
804 31 0.00082459000
806 31 0.00079202400
808 31 0.00074459600
810 31 0.00070244600
812 31 0.00064824700
814 31 0.00059925200
816 31 0.00055232800
818 31 0.00051004200
820 31 0.00046376400
822 31 0.00042413800
824 31 0.00038974000
826 31 0.00036705000
828 31 0.00033692000
830 31 0.00031432300
832 31 0.00028423200
834 31 0.00025871300
836 31 0.00022582000
838 31 0.00019599200
840 31 0.00016283000
842 31 0.00012777700
844 31 0.00009335000
846 31 0.00005133200
848 31 0.00001218400
850 31 -0.00001776310
>
150 31.5 0.00242552000
152 31.5 0.00242281000
154 31.5 0.00225967000
156 31.5 0.00197170000
158 31.5 0.00156467000
160 31.5 0.00100575000
162 31.5 0.00028650000
164 31.5 -0.00048904800
166 31.5 -0.00136815000
168 31.5 -0.00224764000
170 31.5 -0.00313744000
172 31.5 -0.00399609000
174 31.5 -0.00469521000
176 31.5 -0.00535013000
178 31.5 -0.00580425000
180 31.5 -0.00611656000
182 31.5 -0.00628340000
184 31.5 -0.00628167000
186 31.5 -0.00615677000
188 31.5 -0.00592479000
190 31.5 -0.00560669000
192 31.5 -0.00518231000
194 31.5 -0.00473486000
196 31.5 -0.00419552000
198 31.5 -0.00362235000
200 31.5 -0.00298830000
202 31.5 -0.00227448000
204 31.5 -0.00147568000
206 31.5 -0.00063175300
208 31.5 0.00029292700
210 31.5 0.00130661000
212 31.5 0.00231627000
214 31.5 0.00336347000
216 31.5 0.00438372000
218 31.5 0.00536804000
220 31.5 0.00625216000
222 31.5 0.00701457000
224 31.5 0.00766716000
226 31.5 0.00809796000
228 31.5 0.00837475000
230 31.5 0.00850704000
232 31.5 0.00844000000
234 31.5 0.00828179000
236 31.5 0.00799870000
238 31.5 0.00766994000
240 31.5 0.00737753000
242 31.5 0.00710753000
244 31.5 0.00695648000
246 31.5 0.00684512000
248 31.5 0.00691728000
250 31.5 0.00706296000
252 31.5 0.00738401000
254 31.5 0.00771451000
256 31.5 0.00815142000
258 31.5 0.00854957000
260 31.5 0.00893167000
262 31.5 0.00920907000
264 31.5 0.00931790000
266 31.5 0.00930099000
268 31.5 0.00903148000
270 31.5 0.00859228000
272 31.5 0.00788698000
274 31.5 0.00701278000
276 31.5 0.00594685000
278 31.5 0.00478009000
280 31.5 0.00351307000
282 31.5 0.00226749000
284 31.5 0.00104767000
286 31.5 -0.00003884480
288 31.5 -0.00103343000
290 31.5 -0.00180385000
292 31.5 -0.00239625000
294 31.5 -0.00276392000
296 31.5 -0.00294249000
298 31.5 -0.00296628000
300 31.5 -0.00278090000
302 31.5 -0.00254820000
304 31.5 -0.00217883000
306 31.5 -0.00178005000
308 31.5 -0.00135687000
310 31.5 -0.00095948800
312 31.5 -0.00064394400
314 31.5 -0.00037971900
316 31.5 -0.00023554700
318 31.5 -0.00017638700
320 31.5 -0.00028285000
322 31.5 -0.00044484400
324 31.5 -0.00070384600
326 31.5 -0.00097812300
328 31.5 -0.00126844000
330 31.5 -0.00154411000
332 31.5 -0.00173169000
334 31.5 -0.00188231000
336 31.5 -0.00198798000
338 31.5 -0.00197473000
340 31.5 -0.00189062000
342 31.5 -0.00175722000
344 31.5 -0.00158573000
346 31.5 -0.00144794000
348 31.5 -0.00131780000
350 31.5 -0.00128302000
352 31.5 -0.00125996000
354 31.5 -0.00136060000
356 31.5 -0.00148074000
358 31.5 -0.00165834000
360 31.5 -0.00181557000
362 31.5 -0.00200811000
364 31.5 -0.00208428000
366 31.5 -0.00214894000
368 31.5 -0.00211840000
370 31.5 -0.00202659000
372 31.5 -0.00180540000
374 31.5 -0.00151313000
376 31.5 -0.00112972000
378 31.5 -0.00067682700
380 31.5 -0.00013225600
382 31.5 0.00046645100
384 31.5 0.00112654000
386 31.5 0.00185849000
388 31.5 0.00264488000
390 31.5 0.00346570000
392 31.5 0.00435777000
394 31.5 0.00524810000
396 31.5 0.00616885000
398 31.5 0.00702290000
400 31.5 0.00786216000
402 31.5 0.00856660000
404 31.5 0.00911414000
406 31.5 0.00946883000
408 31.5 0.00961586000
410 31.5 0.00954444000
412 31.5 0.00922525000
414 31.5 0.00871630000
416 31.5 0.00798747000
418 31.5 0.00708889000
420 31.5 0.00607715000
422 31.5 0.00501575000
424 31.5 0.00395986000
426 31.5 0.00292410000
428 31.5 0.00190435000
430 31.5 0.00105660000
432 31.5 0.00033620100
434 31.5 -0.00025311600
436 31.5 -0.00074356200
438 31.5 -0.00112684000
440 31.5 -0.00141755000
442 31.5 -0.00163871000
444 31.5 -0.00179758000
446 31.5 -0.00189725000
448 31.5 -0.00197540000
450 31.5 -0.00200440000
452 31.5 -0.00199595000
454 31.5 -0.00195123000
456 31.5 -0.00188526000
458 31.5 -0.00174604000
460 31.5 -0.00158594000
462 31.5 -0.00137254000
464 31.5 -0.00112877000
466 31.5 -0.00088668500
468 31.5 -0.00059057300
470 31.5 -0.00026685500
472 31.5 0.00006213770
474 31.5 0.00041727700
476 31.5 0.00077430200
478 31.5 0.00112108000
480 31.5 0.00150401000
482 31.5 0.00189635000
484 31.5 0.00224512000
486 31.5 0.00262725000
488 31.5 0.00297693000
490 31.5 0.00328984000
492 31.5 0.00358988000
494 31.5 0.00380835000
496 31.5 0.00401605000
498 31.5 0.00417554000
500 31.5 0.00431136000
502 31.5 0.00439852000
504 31.5 0.00442178000
506 31.5 0.00439512000
508 31.5 0.00433486000
510 31.5 0.00421575000
512 31.5 0.00405485000
514 31.5 0.00386801000
516 31.5 0.00363707000
518 31.5 0.00333832000
520 31.5 0.00303988000
522 31.5 0.00266958000
524 31.5 0.00223935000
526 31.5 0.00179630000
528 31.5 0.00132535000
530 31.5 0.00079232700
532 31.5 0.00030240900
534 31.5 -0.00018155600
536 31.5 -0.00067617900
538 31.5 -0.00111263000
540 31.5 -0.00149953000
542 31.5 -0.00182208000
544 31.5 -0.00208288000
546 31.5 -0.00224236000
548 31.5 -0.00232489000
550 31.5 -0.00231508000
552 31.5 -0.00221887000
554 31.5 -0.00205589000
556 31.5 -0.00181412000
558 31.5 -0.00150402000
560 31.5 -0.00119193000
562 31.5 -0.00078535200
564 31.5 -0.00041647500
566 31.5 -0.00004329060
568 31.5 0.00033601800
570 31.5 0.00069664800
572 31.5 0.00104485000
574 31.5 0.00136544000
576 31.5 0.00164023000
578 31.5 0.00188728000
580 31.5 0.00206598000
582 31.5 0.00223419000
584 31.5 0.00236301000
586 31.5 0.00246634000
588 31.5 0.00251446000
590 31.5 0.00250104000
592 31.5 0.00241480000
594 31.5 0.00226578000
596 31.5 0.00206632000
598 31.5 0.00182562000
600 31.5 0.00148596000
602 31.5 0.00112682000
604 31.5 0.00076672200
606 31.5 0.00038487800
608 31.5 0.00002734650
610 31.5 -0.00031842700
612 31.5 -0.00056991500
614 31.5 -0.00076798800
616 31.5 -0.00090872200
618 31.5 -0.00095138900
620 31.5 -0.00087725900
622 31.5 -0.00072124100
624 31.5 -0.00047540300
626 31.5 -0.00016045600
628 31.5 0.00024399500
630 31.5 0.00075589500
632 31.5 0.00132590000
634 31.5 0.00194357000
636 31.5 0.00265527000
638 31.5 0.00338531000
640 31.5 0.00418458000
642 31.5 0.00498952000
644 31.5 0.00585327000
646 31.5 0.00669679000
648 31.5 0.00754358000
650 31.5 0.00833660000
652 31.5 0.00904389000
654 31.5 0.00969290000
656 31.5 0.01021190000
658 31.5 0.01064350000
660 31.5 0.01092490000
662 31.5 0.01106810000
664 31.5 0.01110390000
666 31.5 0.01100250000
668 31.5 0.01080930000
670 31.5 0.01049660000
672 31.5 0.01007120000
674 31.5 0.00955747000
676 31.5 0.00903185000
678 31.5 0.00843315000
680 31.5 0.00780198000
682 31.5 0.00715475000
684 31.5 0.00653679000
686 31.5 0.00590932000
688 31.5 0.00530897000
690 31.5 0.00477801000
692 31.5 0.00425740000
694 31.5 0.00377878000
696 31.5 0.00336628000
698 31.5 0.00301224000
700 31.5 0.00271667000
702 31.5 0.00245796000
704 31.5 0.00226310000
706 31.5 0.00214627000
708 31.5 0.00208229000
710 31.5 0.00205877000
712 31.5 0.00207439000
714 31.5 0.00213245000
716 31.5 0.00220549000
718 31.5 0.00227825000
720 31.5 0.00235672000
722 31.5 0.00241304000
724 31.5 0.00241834000
726 31.5 0.00244196000
728 31.5 0.00243491000
730 31.5 0.00238456000
732 31.5 0.00236070000
734 31.5 0.00233091000
736 31.5 0.00228205000
738 31.5 0.00224517000
740 31.5 0.00220914000
742 31.5 0.00221938000
744 31.5 0.00218556000
746 31.5 0.00220494000
748 31.5 0.00223136000
750 31.5 0.00228249000
752 31.5 0.00234149000
754 31.5 0.00237084000
756 31.5 0.00237722000
758 31.5 0.00240919000
760 31.5 0.00237565000
762 31.5 0.00232892000
764 31.5 0.00226848000
766 31.5 0.00219136000
768 31.5 0.00208171000
770 31.5 0.00197925000
772 31.5 0.00184055000
774 31.5 0.00172527000
776 31.5 0.00157194000
778 31.5 0.00145412000
780 31.5 0.00137977000
782 31.5 0.00126931000
784 31.5 0.00120040000
786 31.5 0.00112200000
788 31.5 0.00105754000
790 31.5 0.00099442600
792 31.5 0.00093417300
794 31.5 0.00084778400
796 31.5 0.00078727200
798 31.5 0.00070929000
800 31.5 0.00061290000
802 31.5 0.00051883200
804 31.5 0.00041957600
806 31.5 0.00031281000
808 31.5 0.00021828100
810 31.5 0.00015189400
812 31.5 0.00007903830
814 31.5 0.00001183360
816 31.5 -0.00002884540
818 31.5 -0.00006580060
820 31.5 -0.00010141800
822 31.5 -0.00012357500
824 31.5 -0.00013985100
826 31.5 -0.00014076500
828 31.5 -0.00015704900
830 31.5 -0.00016327800
832 31.5 -0.00017758300
834 31.5 -0.00019163300
836 31.5 -0.00020782000
838 31.5 -0.00023108000
840 31.5 -0.00025669500
842 31.5 -0.00028583600
844 31.5 -0.00031118800
846 31.5 -0.00035870400
848 31.5 -0.00038405600
850 31.5 -0.00041271100
>
150 32 0.00207381000
152 32 0.00170277000
154 32 0.00117431000
156 32 0.00054303500
158 32 -0.00015195900
160 32 -0.00093735000
162 32 -0.00169889000
164 32 -0.00249513000
166 32 -0.00316848000
168 32 -0.00379789000
170 32 -0.00427115000
172 32 -0.00472941000
174 32 -0.00497534000
176 32 -0.00519254000
178 32 -0.00526501000
180 32 -0.00530481000
182 32 -0.00529369000
184 32 -0.00522945000
186 32 -0.00511880000
188 32 -0.00499046000
190 32 -0.00482679000
192 32 -0.00460999000
194 32 -0.00437114000
196 32 -0.00405094000
198 32 -0.00368619000
200 32 -0.00323180000
202 32 -0.00268376000
204 32 -0.00209610000
206 32 -0.00142058000
208 32 -0.00072524200
210 32 0.00005694470
212 32 0.00080874500
214 32 0.00157557000
216 32 0.00230979000
218 32 0.00304746000
220 32 0.00370534000
222 32 0.00436313000
224 32 0.00495782000
226 32 0.00552069000
228 32 0.00602631000
230 32 0.00653994000
232 32 0.00696325000
234 32 0.00738217000
236 32 0.00773299000
238 32 0.00799191000
240 32 0.00824911000
242 32 0.00836490000
244 32 0.00843726000
246 32 0.00835930000
248 32 0.00821669000
250 32 0.00793363000
252 32 0.00760223000
254 32 0.00709879000
256 32 0.00653185000
258 32 0.00586299000
260 32 0.00511076000
262 32 0.00428298000
264 32 0.00339821000
266 32 0.00249986000
268 32 0.00158011000
270 32 0.00067786600
272 32 -0.00014532400
274 32 -0.00091301900
276 32 -0.00159940000
278 32 -0.00209932000
280 32 -0.00248636000
282 32 -0.00267481000
284 32 -0.00268260000
286 32 -0.00250689000
288 32 -0.00215417000
290 32 -0.00166080000
292 32 -0.00104340000
294 32 -0.00035511200
296 32 0.00035671900
298 32 0.00102743000
300 32 0.00158407000
302 32 0.00204673000
304 32 0.00229671000
306 32 0.00235289000
308 32 0.00218314000
310 32 0.00184077000
312 32 0.00126993000
314 32 0.00057646000
316 32 -0.00026211500
318 32 -0.00113538000
320 32 -0.00206711000
322 32 -0.00292409000
324 32 -0.00372387000
326 32 -0.00435064000
328 32 -0.00488006000
330 32 -0.00520316000
332 32 -0.00537694000
334 32 -0.00535280000
336 32 -0.00523680000
338 32 -0.00492199000
340 32 -0.00454337000
342 32 -0.00405303000
344 32 -0.00355415000
346 32 -0.00304540000
348 32 -0.00254146000
350 32 -0.00213248000
352 32 -0.00177617000
354 32 -0.00152246000
356 32 -0.00136627000
358 32 -0.00129742000
360 32 -0.00127835000
362 32 -0.00132827000
364 32 -0.00134066000
366 32 -0.00139001000
368 32 -0.00137384000
370 32 -0.00132755000
372 32 -0.00119322000
374 32 -0.00099051600
376 32 -0.00074268800
378 32 -0.00044144600
380 32 -0.00011407100
382 32 0.00025642000
384 32 0.00060128000
386 32 0.00095663100
388 32 0.00128859000
390 32 0.00159542000
392 32 0.00188383000
394 32 0.00211656000
396 32 0.00232708000
398 32 0.00252144000
400 32 0.00263601000
402 32 0.00270908000
404 32 0.00278690000
406 32 0.00278764000
408 32 0.00280418000
410 32 0.00277141000
412 32 0.00271908000
414 32 0.00265947000
416 32 0.00255972000
418 32 0.00243578000
420 32 0.00229576000
422 32 0.00214115000
424 32 0.00194896000
426 32 0.00175270000
428 32 0.00151190000
430 32 0.00129478000
432 32 0.00109679000
434 32 0.00089634400
436 32 0.00068744600
438 32 0.00050684800
440 32 0.00031781100
442 32 0.00015670000
444 32 0.00001921180
446 32 -0.00011227400
448 32 -0.00020446800
450 32 -0.00027571800
452 32 -0.00028704500
454 32 -0.00029135500
456 32 -0.00027443200
458 32 -0.00021734300
460 32 -0.00015280700
462 32 -0.00006224510
464 32 0.00005928380
466 32 0.00017088800
468 32 0.00033604700
470 32 0.00052537000
472 32 0.00074935000
474 32 0.00100584000
476 32 0.00127543000
478 32 0.00156660000
480 32 0.00188957000
482 32 0.00225024000
484 32 0.00260660000
486 32 0.00296880000
488 32 0.00332076000
490 32 0.00361714000
492 32 0.00389834000
494 32 0.00412173000
496 32 0.00423990000
498 32 0.00428106000
500 32 0.00422014000
502 32 0.00409478000
504 32 0.00387931000
506 32 0.00357683000
508 32 0.00318152000
510 32 0.00275825000
512 32 0.00230370000
514 32 0.00185669000
516 32 0.00138628000
518 32 0.00096109600
520 32 0.00058219500
522 32 0.00022395000
524 32 -0.00011636800
526 32 -0.00039066100
528 32 -0.00061216300
530 32 -0.00081516600
532 32 -0.00093665000
534 32 -0.00102451000
536 32 -0.00110472000
538 32 -0.00114526000
540 32 -0.00110783000
542 32 -0.00106062000
544 32 -0.00097212700
546 32 -0.00082411500
548 32 -0.00065858600
550 32 -0.00045435000
552 32 -0.00020633200
554 32 0.00006088590
556 32 0.00038050600
558 32 0.00073604500
560 32 0.00110017000
562 32 0.00147490000
564 32 0.00183727000
566 32 0.00215484000
568 32 0.00245252000
570 32 0.00270611000
572 32 0.00288482000
574 32 0.00305024000
576 32 0.00311046000
578 32 0.00308413000
580 32 0.00301643000
582 32 0.00288154000
584 32 0.00271214000
586 32 0.00251254000
588 32 0.00230426000
590 32 0.00209168000
592 32 0.00185576000
594 32 0.00163224000
596 32 0.00142934000
598 32 0.00128367000
600 32 0.00112229000
602 32 0.00098894300
604 32 0.00092517200
606 32 0.00084961800
608 32 0.00079089200
610 32 0.00077322300
612 32 0.00077063700
614 32 0.00079323600
616 32 0.00080442700
618 32 0.00083655400
620 32 0.00089112700
622 32 0.00095259900
624 32 0.00104478000
626 32 0.00114428000
628 32 0.00125461000
630 32 0.00144215000
632 32 0.00167051000
634 32 0.00194611000
636 32 0.00231516000
638 32 0.00277831000
640 32 0.00332377000
642 32 0.00399699000
644 32 0.00477400000
646 32 0.00562843000
648 32 0.00657401000
650 32 0.00757140000
652 32 0.00859204000
654 32 0.00957720000
656 32 0.01050680000
658 32 0.01133900000
660 32 0.01204920000
662 32 0.01260320000
664 32 0.01295820000
666 32 0.01309620000
668 32 0.01302660000
670 32 0.01278100000
672 32 0.01230750000
674 32 0.01169850000
676 32 0.01091330000
678 32 0.01001640000
680 32 0.00901713000
682 32 0.00799140000
684 32 0.00695783000
686 32 0.00592546000
688 32 0.00490913000
690 32 0.00396878000
692 32 0.00313816000
694 32 0.00238656000
696 32 0.00175873000
698 32 0.00126724000
700 32 0.00091182800
702 32 0.00068297500
704 32 0.00057568700
706 32 0.00062233600
708 32 0.00078208300
710 32 0.00101769000
712 32 0.00132466000
714 32 0.00168192000
716 32 0.00208755000
718 32 0.00244321000
720 32 0.00282278000
722 32 0.00315643000
724 32 0.00343018000
726 32 0.00367340000
728 32 0.00382379000
730 32 0.00392069000
732 32 0.00397799000
734 32 0.00397496000
736 32 0.00390042000
738 32 0.00377682000
740 32 0.00360047000
742 32 0.00341657000
744 32 0.00318480000
746 32 0.00290220000
748 32 0.00264165000
750 32 0.00234764000
752 32 0.00207889000
754 32 0.00181840000
756 32 0.00155209000
758 32 0.00137312000
760 32 0.00123086000
762 32 0.00111057000
764 32 0.00105144000
766 32 0.00103810000
768 32 0.00105215000
770 32 0.00109048000
772 32 0.00112881000
774 32 0.00119176000
776 32 0.00122386000
778 32 0.00123714000
780 32 0.00124850000
782 32 0.00121012000
784 32 0.00117591000
786 32 0.00111437000
788 32 0.00102713000
790 32 0.00093563100
792 32 0.00084111500
794 32 0.00074264300
796 32 0.00063231600
798 32 0.00055078100
800 32 0.00046245400
802 32 0.00039571300
804 32 0.00032829700
806 32 0.00027220900
808 32 0.00022718500
810 32 0.00020423300
812 32 0.00017707600
814 32 0.00017722000
816 32 0.00016897600
818 32 0.00017767300
820 32 0.00017234500
822 32 0.00018533400
824 32 0.00018477400
826 32 0.00018896100
828 32 0.00018280400
830 32 0.00017752000
832 32 0.00016399400
834 32 0.00014764800
836 32 0.00013296000
838 32 0.00011006900
840 32 0.00008867520
842 32 0.00007291340
844 32 0.00006217770
846 32 0.00005652100
848 32 0.00005481530
850 32 0.00006267520
>
150 32.5 0.00355013000
152 32.5 0.00336923000
154 32.5 0.00301016000
156 32.5 0.00246154000
158 32.5 0.00175910000
160 32.5 0.00092480500
162 32.5 0.00005459040
164 32.5 -0.00093878800
166 32.5 -0.00184097000
168 32.5 -0.00276279000
170 32.5 -0.00358658000
172 32.5 -0.00437930000
174 32.5 -0.00506883000
176 32.5 -0.00567390000
178 32.5 -0.00618442000
180 32.5 -0.00657319000
182 32.5 -0.00690908000
184 32.5 -0.00710736000
186 32.5 -0.00717511000
188 32.5 -0.00713370000
190 32.5 -0.00699137000
192 32.5 -0.00669602000
194 32.5 -0.00629512000
196 32.5 -0.00578905000
198 32.5 -0.00518337000
200 32.5 -0.00448307000
202 32.5 -0.00369429000
204 32.5 -0.00290714000
206 32.5 -0.00205244000
208 32.5 -0.00121902000
210 32.5 -0.00036647900
212 32.5 0.00040609200
214 32.5 0.00115181000
216 32.5 0.00181761000
218 32.5 0.00245169000
220 32.5 0.00300993000
222 32.5 0.00355638000
224 32.5 0.00402160000
226 32.5 0.00450907000
228 32.5 0.00495249000
230 32.5 0.00542214000
232 32.5 0.00588951000
234 32.5 0.00635343000
236 32.5 0.00682181000
238 32.5 0.00720555000
240 32.5 0.00758206000
242 32.5 0.00781497000
244 32.5 0.00793363000
246 32.5 0.00790328000
248 32.5 0.00769731000
250 32.5 0.00733408000
252 32.5 0.00677595000
254 32.5 0.00606758000
256 32.5 0.00525184000
258 32.5 0.00433685000
260 32.5 0.00340136000
262 32.5 0.00246853000
264 32.5 0.00162440000
266 32.5 0.00086211000
268 32.5 0.00027371800
270 32.5 -0.00018592000
272 32.5 -0.00038702200
274 32.5 -0.00048238700
276 32.5 -0.00040324600
278 32.5 -0.00017287100
280 32.5 0.00018320100
282 32.5 0.00061516000
284 32.5 0.00109899000
286 32.5 0.00162611000
288 32.5 0.00215652000
290 32.5 0.00264557000
292 32.5 0.00311462000
294 32.5 0.00349163000
296 32.5 0.00377555000
298 32.5 0.00395367000
300 32.5 0.00396053000
302 32.5 0.00389383000
304 32.5 0.00361058000
306 32.5 0.00321766000
308 32.5 0.00266920000
310 32.5 0.00202251000
312 32.5 0.00126415000
314 32.5 0.00050630900
316 32.5 -0.00030433100
318 32.5 -0.00106069000
320 32.5 -0.00178897000
322 32.5 -0.00239585000
324 32.5 -0.00292057000
326 32.5 -0.00325091000
328 32.5 -0.00355546000
330 32.5 -0.00364159000
332 32.5 -0.00371366000
334 32.5 -0.00360703000
336 32.5 -0.00347776000
338 32.5 -0.00326131000
340 32.5 -0.00303376000
342 32.5 -0.00276066000
344 32.5 -0.00251404000
346 32.5 -0.00225281000
348 32.5 -0.00202096000
350 32.5 -0.00183013000
352 32.5 -0.00170043000
354 32.5 -0.00159224000
356 32.5 -0.00154627000
358 32.5 -0.00157917000
360 32.5 -0.00164067000
362 32.5 -0.00173569000
364 32.5 -0.00189550000
366 32.5 -0.00209685000
368 32.5 -0.00228766000
370 32.5 -0.00249408000
372 32.5 -0.00272510000
374 32.5 -0.00290042000
376 32.5 -0.00308275000
378 32.5 -0.00320257000
380 32.5 -0.00329182000
382 32.5 -0.00330269000
384 32.5 -0.00327258000
386 32.5 -0.00313982000
388 32.5 -0.00293685000
390 32.5 -0.00261836000
392 32.5 -0.00223343000
394 32.5 -0.00177928000
396 32.5 -0.00125807000
398 32.5 -0.00068139800
400 32.5 -0.00011020800
402 32.5 0.00042663000
404 32.5 0.00097311000
406 32.5 0.00143754000
408 32.5 0.00188719000
410 32.5 0.00224368000
412 32.5 0.00254670000
414 32.5 0.00277991000
416 32.5 0.00293664000
418 32.5 0.00303283000
420 32.5 0.00308030000
422 32.5 0.00306753000
424 32.5 0.00295197000
426 32.5 0.00283232000
428 32.5 0.00265269000
430 32.5 0.00245689000
432 32.5 0.00224859000
434 32.5 0.00202248000
436 32.5 0.00181638000
438 32.5 0.00162851000
440 32.5 0.00145697000
442 32.5 0.00131829000
444 32.5 0.00119738000
446 32.5 0.00108975000
448 32.5 0.00101527000
450 32.5 0.00090592400
452 32.5 0.00084978800
454 32.5 0.00076876300
456 32.5 0.00068172600
458 32.5 0.00060430600
460 32.5 0.00054798800
462 32.5 0.00048453000
464 32.5 0.00045943400
466 32.5 0.00045211400
468 32.5 0.00050054400
470 32.5 0.00059960800
472 32.5 0.00074729700
474 32.5 0.00092845800
476 32.5 0.00114803000
478 32.5 0.00137976000
480 32.5 0.00162716000
482 32.5 0.00188805000
484 32.5 0.00214825000
486 32.5 0.00236014000
488 32.5 0.00250590000
490 32.5 0.00258558000
492 32.5 0.00261668000
494 32.5 0.00258742000
496 32.5 0.00242462000
498 32.5 0.00216407000
500 32.5 0.00183536000
502 32.5 0.00144831000
504 32.5 0.00098735600
506 32.5 0.00049000900
508 32.5 -0.00002750070
510 32.5 -0.00052470800
512 32.5 -0.00098561900
514 32.5 -0.00139063000
516 32.5 -0.00173171000
518 32.5 -0.00194592000
520 32.5 -0.00205201000
522 32.5 -0.00206445000
524 32.5 -0.00199935000
526 32.5 -0.00185696000
528 32.5 -0.00162848000
530 32.5 -0.00135433000
532 32.5 -0.00105063000
534 32.5 -0.00075817500
536 32.5 -0.00050471500
538 32.5 -0.00026409400
540 32.5 -0.00003590970
542 32.5 0.00013715800
544 32.5 0.00027616200
546 32.5 0.00042847200
548 32.5 0.00051963400
550 32.5 0.00059940300
552 32.5 0.00069854500
554 32.5 0.00080349700
556 32.5 0.00092703400
558 32.5 0.00111289000
560 32.5 0.00132479000
562 32.5 0.00155990000
564 32.5 0.00181258000
566 32.5 0.00208375000
568 32.5 0.00235625000
570 32.5 0.00259862000
572 32.5 0.00280877000
574 32.5 0.00301003000
576 32.5 0.00313375000
578 32.5 0.00319691000
580 32.5 0.00324316000
582 32.5 0.00320359000
584 32.5 0.00312493000
586 32.5 0.00303926000
588 32.5 0.00291402000
590 32.5 0.00280192000
592 32.5 0.00267158000
594 32.5 0.00254357000
596 32.5 0.00245012000
598 32.5 0.00238123000
600 32.5 0.00231634000
602 32.5 0.00228633000
604 32.5 0.00231126000
606 32.5 0.00232307000
608 32.5 0.00234503000
610 32.5 0.00237336000
612 32.5 0.00237139000
614 32.5 0.00238790000
616 32.5 0.00235429000
618 32.5 0.00229572000
620 32.5 0.00219794000
622 32.5 0.00207368000
624 32.5 0.00193736000
626 32.5 0.00179236000
628 32.5 0.00165530000
630 32.5 0.00157126000
632 32.5 0.00155568000
634 32.5 0.00161933000
636 32.5 0.00180299000
638 32.5 0.00214647000
640 32.5 0.00260249000
642 32.5 0.00326435000
644 32.5 0.00403114000
646 32.5 0.00495014000
648 32.5 0.00600021000
650 32.5 0.00708019000
652 32.5 0.00822385000
654 32.5 0.00929025000
656 32.5 0.01031420000
658 32.5 0.01119690000
660 32.5 0.01191970000
662 32.5 0.01246360000
664 32.5 0.01276790000
666 32.5 0.01285510000
668 32.5 0.01269930000
670 32.5 0.01234080000
672 32.5 0.01178460000
674 32.5 0.01109170000
676 32.5 0.01021830000
678 32.5 0.00924992000
680 32.5 0.00821490000
682 32.5 0.00715525000
684 32.5 0.00610760000
686 32.5 0.00514475000
688 32.5 0.00420553000
690 32.5 0.00335814000
692 32.5 0.00263449000
694 32.5 0.00206142000
696 32.5 0.00157964000
698 32.5 0.00125584000
700 32.5 0.00107343000
702 32.5 0.00101240000
704 32.5 0.00104608000
706 32.5 0.00124202000
708 32.5 0.00151250000
710 32.5 0.00185832000
712 32.5 0.00223666000
714 32.5 0.00265933000
716 32.5 0.00311943000
718 32.5 0.00355407000
720 32.5 0.00399018000
722 32.5 0.00438735000
724 32.5 0.00473103000
726 32.5 0.00505258000
728 32.5 0.00527394000
730 32.5 0.00543531000
732 32.5 0.00557613000
734 32.5 0.00558516000
736 32.5 0.00551291000
738 32.5 0.00536256000
740 32.5 0.00511430000
742 32.5 0.00482124000
744 32.5 0.00444187000
746 32.5 0.00398969000
748 32.5 0.00353921000
750 32.5 0.00305348000
752 32.5 0.00255636000
754 32.5 0.00209092000
756 32.5 0.00164377000
758 32.5 0.00128815000
760 32.5 0.00098982200
762 32.5 0.00073929000
764 32.5 0.00058780800
766 32.5 0.00048215200
768 32.5 0.00046913600
770 32.5 0.00046818200
772 32.5 0.00049954700
774 32.5 0.00059747100
776 32.5 0.00068336400
778 32.5 0.00076276000
780 32.5 0.00084452500
782 32.5 0.00091415300
784 32.5 0.00097671200
786 32.5 0.00102469000
788 32.5 0.00108110000
790 32.5 0.00112304000
792 32.5 0.00116026000
794 32.5 0.00119039000
796 32.5 0.00119849000
798 32.5 0.00121003000
800 32.5 0.00121553000
802 32.5 0.00121259000
804 32.5 6.81484000000
806 32.5 6.83170000000
808 32.5 6.84859000000
810 32.5 6.86551000000
812 32.5 6.88243000000
814 32.5 6.89931000000
816 32.5 6.91623000000
818 32.5 6.93314000000
820 32.5 6.95005000000
822 32.5 6.96693000000
824 32.5 6.98384000000
826 32.5 7.00075000000
828 32.5 7.01764000000
830 32.5 7.03454000000
832 32.5 7.05142000000
834 32.5 7.06829000000
836 32.5 7.08518000000
838 32.5 7.10207000000
840 32.5 7.11897000000
842 32.5 7.13585000000
844 32.5 7.15275000000
846 32.5 7.16966000000
848 32.5 7.18656000000
850 32.5 7.20347000000
>
150 33 0.00422417000
152 33 0.00469633000
154 33 0.00493849000
156 33 0.00491165000
158 33 0.00457987000
160 33 0.00398239000
162 33 0.00320636000
164 33 0.00215236000
166 33 0.00103809000
168 33 -0.00020958800
170 33 -0.00143603000
172 33 -0.00260629000
174 33 -0.00372722000
176 33 -0.00470909000
178 33 -0.00552668000
180 33 -0.00614786000
182 33 -0.00659781000
184 33 -0.00687875000
186 33 -0.00694470000
188 33 -0.00681159000
190 33 -0.00657812000
192 33 -0.00608255000
194 33 -0.00549429000
196 33 -0.00476203000
198 33 -0.00390725000
200 33 -0.00300019000
202 33 -0.00200503000
204 33 -0.00109467000
206 33 -0.00014281900
208 33 0.00071607000
210 33 0.00145706000
212 33 0.00207643000
214 33 0.00255794000
216 33 0.00287542000
218 33 0.00307222000
220 33 0.00317194000
222 33 0.00315012000
224 33 0.00306716000
226 33 0.00298735000
228 33 0.00286152000
230 33 0.00277388000
232 33 0.00279791000
234 33 0.00285699000
236 33 0.00298957000
238 33 0.00324817000
240 33 0.00350962000
242 33 0.00382884000
244 33 0.00418671000
246 33 0.00450022000
248 33 0.00481455000
250 33 0.00505886000
252 33 0.00518442000
254 33 0.00524526000
256 33 0.00520393000
258 33 0.00504359000
260 33 0.00484071000
262 33 0.00453890000
264 33 0.00425142000
266 33 0.00395361000
268 33 0.00362729000
270 33 0.00339490000
272 33 0.00321932000
274 33 0.00304219000
276 33 0.00296204000
278 33 0.00290945000
280 33 0.00288833000
282 33 0.00286716000
284 33 0.00275270000
286 33 0.00266570000
288 33 0.00246984000
290 33 0.00221845000
292 33 0.00187968000
294 33 0.00148859000
296 33 0.00094876800
298 33 0.00044613000
300 33 -0.00015161600
302 33 -0.00073043000
304 33 -0.00128703000
306 33 -0.00181377000
308 33 -0.00224084000
310 33 -0.00258036000
312 33 -0.00281022000
314 33 -0.00290201000
316 33 -0.00288330000
318 33 -0.00273333000
320 33 -0.00258187000
322 33 -0.00232146000
324 33 -0.00210587000
326 33 -0.00180352000
328 33 -0.00171346000
330 33 -0.00152422000
332 33 -0.00153901000
334 33 -0.00153855000
336 33 -0.00161145000
338 33 -0.00174929000
340 33 -0.00188854000
342 33 -0.00202371000
344 33 -0.00213626000
346 33 -0.00222768000
348 33 -0.00222980000
350 33 -0.00220803000
352 33 -0.00218538000
354 33 -0.00208503000
356 33 -0.00196145000
358 33 -0.00188528000
360 33 -0.00181839000
362 33 -0.00178183000
364 33 -0.00187612000
366 33 -0.00206309000
368 33 -0.00227968000
370 33 -0.00263099000
372 33 -0.00304120000
374 33 -0.00350119000
376 33 -0.00395193000
378 33 -0.00437819000
380 33 -0.00467914000
382 33 -0.00488023000
384 33 -0.00489362000
386 33 -0.00467994000
388 33 -0.00426619000
390 33 -0.00360407000
392 33 -0.00267738000
394 33 -0.00159149000
396 33 -0.00033085500
398 33 0.00100514000
400 33 0.00237770000
402 33 0.00366674000
404 33 0.00484496000
406 33 0.00581155000
408 33 0.00660365000
410 33 0.00709633000
412 33 0.00733794000
414 33 0.00732368000
416 33 0.00701213000
418 33 0.00653467000
420 33 0.00585907000
422 33 0.00505780000
424 33 0.00410657000
426 33 0.00308274000
428 33 0.00206659000
430 33 0.00102967000
432 33 -0.00000415507
434 33 -0.00093348800
436 33 -0.00183580000
438 33 -0.00261399000
440 33 -0.00325930000
442 33 -0.00382804000
444 33 -0.00425980000
446 33 -0.00462423000
448 33 -0.00485720000
450 33 -0.00502699000
452 33 -0.00509493000
454 33 -0.00513074000
456 33 -0.00507333000
458 33 -0.00489393000
460 33 -0.00468404000
462 33 -0.00439986000
464 33 -0.00401717000
466 33 -0.00361654000
468 33 -0.00310952000
470 33 -0.00260887000
472 33 -0.00209472000
474 33 -0.00154067000
476 33 -0.00104496000
478 33 -0.00060748100
480 33 -0.00021312500
482 33 0.00007734040
484 33 0.00032343900
486 33 0.00050334300
488 33 0.00052760600
490 33 0.00048099400
492 33 0.00038304800
494 33 0.00023101700
496 33 0.00005818330
498 33 -0.00021362600
500 33 -0.00043780700
502 33 -0.00063013900
504 33 -0.00082109700
506 33 -0.00094546500
508 33 -0.00097959000
510 33 -0.00092926500
512 33 -0.00079708300
514 33 -0.00062340600
516 33 -0.00037914300
518 33 -0.00001193580
520 33 0.00038634600
522 33 0.00075165400
524 33 0.00112358000
526 33 0.00145294000
528 33 0.00174096000
530 33 0.00193670000
532 33 0.00207803000
534 33 0.00210958000
536 33 0.00205593000
538 33 0.00197851000
540 33 0.00180580000
542 33 0.00160554000
544 33 0.00135102000
546 33 0.00116102000
548 33 0.00091410700
550 33 0.00074256100
552 33 0.00060298600
554 33 0.00048172200
556 33 0.00042937500
558 33 0.00041269400
560 33 0.00039143800
562 33 0.00042853000
564 33 0.00042194200
566 33 0.00043188000
568 33 0.00044227800
570 33 0.00036293900
572 33 0.00032449300
574 33 0.00027158300
576 33 0.00022137700
578 33 0.00019288800
580 33 0.00016553800
582 33 0.00020356700
584 33 0.00028354100
586 33 0.00046774300
588 33 0.00069525100
590 33 0.00099464100
592 33 0.00133041000
594 33 0.00171026000
596 33 0.00213519000
598 33 0.00251872000
600 33 0.00289803000
602 33 0.00326299000
604 33 0.00358126000
606 33 0.00385472000
608 33 0.00403391000
610 33 0.00412094000
612 33 0.00412633000
614 33 0.00402071000
616 33 0.00383749000
618 33 0.00356357000
620 33 0.00321130000
622 33 0.00281057000
624 33 0.00232891000
626 33 0.00187323000
628 33 0.00142641000
630 33 0.00103434000
632 33 0.00074387500
634 33 0.00054695400
636 33 0.00047705400
638 33 0.00056030700
640 33 0.00077437400
642 33 0.00119101000
644 33 0.00167693000
646 33 0.00232958000
648 33 0.00309542000
650 33 0.00388120000
652 33 0.00474251000
654 33 0.00559565000
656 33 0.00644565000
658 33 0.00722991000
660 33 0.00793920000
662 33 0.00853570000
664 33 0.00901907000
666 33 0.00937929000
668 33 0.00956599000
670 33 0.00959638000
672 33 0.00948314000
674 33 0.00922349000
676 33 0.00873429000
678 33 0.00810651000
680 33 0.00739848000
682 33 0.00655594000
684 33 0.00565581000
686 33 0.00478588000
688 33 0.00392465000
690 33 0.00315480000
692 33 0.00244414000
694 33 0.00187159000
696 33 0.00146091000
698 33 0.00117311000
700 33 0.00103107000
702 33 0.00096998600
704 33 0.00104210000
706 33 0.00123827000
708 33 0.00144125000
710 33 0.00172272000
712 33 0.00201832000
714 33 0.00230174000
716 33 0.00258601000
718 33 0.00289614000
720 33 0.00316945000
722 33 0.00342961000
724 33 0.00364538000
726 33 0.00386845000
728 33 0.00399645000
730 33 0.00406416000
732 33 0.00414322000
734 33 0.00406109000
736 33 0.00388212000
738 33 0.00369757000
740 33 0.00339828000
742 33 0.00307117000
744 33 0.00267896000
746 33 0.00227214000
748 33 0.00190236000
750 33 0.00159529000
752 33 0.00125938000
754 33 0.00104416000
756 33 0.00088994100
758 33 0.00074171700
760 33 0.00068011400
762 33 0.00066805800
764 33 0.00061833200
766 33 0.00059922500
768 33 0.00062780400
770 33 0.00058703200
772 33 0.00053019600
774 33 0.00054322000
776 33 0.00050267000
778 33 0.00049048800
780 33 0.00047258800
782 33 0.00049518400
784 33 0.00052628800
786 33 0.00058629000
788 33 0.00069016700
790 33 0.00081366100
792 33 0.00094202500
794 33 0.00104497000
796 33 0.00115997000
798 33 0.00125671000
800 33 0.00133673000
802 33 0.00139118000
804 33 11.65370000000
806 33 11.68270000000
808 33 11.71160000000
810 33 11.74050000000
812 33 11.76940000000
814 33 11.79830000000
816 33 11.82720000000
818 33 11.85610000000
820 33 11.88500000000
822 33 11.91380000000
824 33 11.94270000000
826 33 11.97160000000
828 33 12.00040000000
830 33 12.02930000000
832 33 12.05820000000
834 33 12.08700000000
836 33 12.11590000000
838 33 12.14480000000
840 33 12.17370000000
842 33 12.20260000000
844 33 12.23150000000
846 33 12.26040000000
848 33 12.28930000000
850 33 12.31820000000
>
150 33.5 0.00711710000
152 33.5 0.00632303000
154 33.5 0.00525159000
156 33.5 0.00405543000
158 33.5 0.00280960000
160 33.5 0.00157594000
162 33.5 0.00047520100
164 33.5 -0.00045118100
166 33.5 -0.00118326000
168 33.5 -0.00166222000
170 33.5 -0.00192659000
172 33.5 -0.00190472000
174 33.5 -0.00177784000
176 33.5 -0.00154882000
178 33.5 -0.00119067000
180 33.5 -0.00093782100
182 33.5 -0.00068442800
184 33.5 -0.00056597200
186 33.5 -0.00056553700
188 33.5 -0.00071343400
190 33.5 -0.00102972000
192 33.5 -0.00134877000
194 33.5 -0.00169088000
196 33.5 -0.00192909000
198 33.5 -0.00203854000
200 33.5 -0.00191499000
202 33.5 -0.00143496000
204 33.5 -0.00066424400
206 33.5 0.00049936800
208 33.5 0.00196376000
210 33.5 0.00369579000
212 33.5 0.00559021000
214 33.5 0.00762144000
216 33.5 0.00949794000
218 33.5 0.01126290000
220 33.5 0.01274620000
222 33.5 0.01385460000
224 33.5 0.01453710000
226 33.5 0.01484540000
228 33.5 0.01465540000
230 33.5 0.01415110000
232 33.5 0.01337610000
234 33.5 0.01230700000
236 33.5 0.01110590000
238 33.5 0.00990609000
240 33.5 0.00863910000
242 33.5 0.00744090000
244 33.5 0.00636678000
246 33.5 0.00530159000
248 33.5 0.00446846000
250 33.5 0.00356596000
252 33.5 0.00282735000
254 33.5 0.00209462000
256 33.5 0.00139256000
258 33.5 0.00064857200
260 33.5 -0.00007082930
262 33.5 -0.00088912200
264 33.5 -0.00164515000
266 33.5 -0.00237922000
268 33.5 -0.00310594000
270 33.5 -0.00370176000
272 33.5 -0.00425269000
274 33.5 -0.00463397000
276 33.5 -0.00494699000
278 33.5 -0.00504278000
280 33.5 -0.00515806000
282 33.5 -0.00512215000
284 33.5 -0.00510751000
286 33.5 -0.00504163000
288 33.5 -0.00507741000
290 33.5 -0.00512185000
292 33.5 -0.00528424000
294 33.5 -0.00550472000
296 33.5 -0.00588221000
298 33.5 -0.00625096000
300 33.5 -0.00673374000
302 33.5 -0.00717393000
304 33.5 -0.00754947000
306 33.5 -0.00783497000
308 33.5 -0.00791896000
310 33.5 -0.00780779000
312 33.5 -0.00740322000
314 33.5 -0.00680194000
316 33.5 -0.00590906000
318 33.5 -0.00485871000
320 33.5 -0.00359397000
322 33.5 -0.00231794000
324 33.5 -0.00100339000
326 33.5 0.00018228800
328 33.5 0.00118271000
330 33.5 0.00190096000
332 33.5 0.00237566000
334 33.5 0.00248790000
336 33.5 0.00231163000
338 33.5 0.00193709000
340 33.5 0.00130047000
342 33.5 0.00058744900
344 33.5 -0.00019155900
346 33.5 -0.00095752600
348 33.5 -0.00159863000
350 33.5 -0.00211701000
352 33.5 -0.00247896000
354 33.5 -0.00268150000
356 33.5 -0.00277531000
358 33.5 -0.00266271000
360 33.5 -0.00249296000
362 33.5 -0.00219347000
364 33.5 -0.00189690000
366 33.5 -0.00156191000
368 33.5 -0.00123544000
370 33.5 -0.00093401500
372 33.5 -0.00069323100
374 33.5 -0.00049970100
376 33.5 -0.00034069300
378 33.5 -0.00022746800
380 33.5 -0.00008743680
382 33.5 0.00005563160
384 33.5 0.00026739100
386 33.5 0.00060175300
388 33.5 0.00099553500
390 33.5 0.00153829000
392 33.5 0.00225160000
394 33.5 0.00302040000
396 33.5 0.00386824000
398 33.5 0.00472444000
400 33.5 0.00553684000
402 33.5 0.00624925000
404 33.5 0.00684910000
406 33.5 0.00718626000
408 33.5 0.00741396000
410 33.5 0.00731426000
412 33.5 0.00702918000
414 33.5 0.00657669000
416 33.5 0.00590569000
418 33.5 0.00508535000
420 33.5 0.00408978000
422 33.5 0.00307751000
424 33.5 0.00196434000
426 33.5 0.00085843200
428 33.5 -0.00024108800
430 33.5 -0.00129026000
432 33.5 -0.00227212000
434 33.5 -0.00317204000
436 33.5 -0.00397319000
438 33.5 -0.00467650000
440 33.5 -0.00517829000
442 33.5 -0.00558897000
444 33.5 -0.00582924000
446 33.5 -0.00599425000
448 33.5 -0.00598574000
450 33.5 -0.00581809000
452 33.5 -0.00552735000
454 33.5 -0.00515213000
456 33.5 -0.00464269000
458 33.5 -0.00402715000
460 33.5 -0.00335153000
462 33.5 -0.00267524000
464 33.5 -0.00197453000
466 33.5 -0.00133218000
468 33.5 -0.00071648800
470 33.5 -0.00023666200
472 33.5 0.00012042300
474 33.5 0.00042232600
476 33.5 0.00057449100
478 33.5 0.00063929900
480 33.5 0.00066399400
482 33.5 0.00057396300
484 33.5 0.00047336500
486 33.5 0.00041668800
488 33.5 0.00028511600
490 33.5 0.00016081800
492 33.5 0.00004819560
494 33.5 -0.00015009100
496 33.5 -0.00028143500
498 33.5 -0.00050422800
500 33.5 -0.00069865900
502 33.5 -0.00089108800
504 33.5 -0.00109474000
506 33.5 -0.00132548000
508 33.5 -0.00147797000
510 33.5 -0.00155204000
512 33.5 -0.00156462000
514 33.5 -0.00154801000
516 33.5 -0.00148269000
518 33.5 -0.00132865000
520 33.5 -0.00113475000
522 33.5 -0.00104377000
524 33.5 -0.00090384400
526 33.5 -0.00086779300
528 33.5 -0.00088582500
530 33.5 -0.00101293000
532 33.5 -0.00121302000
534 33.5 -0.00148128000
536 33.5 -0.00179615000
538 33.5 -0.00213828000
540 33.5 -0.00248816000
542 33.5 -0.00279062000
544 33.5 -0.00309101000
546 33.5 -0.00326666000
548 33.5 -0.00342003000
550 33.5 -0.00338981000
552 33.5 -0.00328266000
554 33.5 -0.00309257000
556 33.5 -0.00279128000
558 33.5 -0.00243800000
560 33.5 -0.00205238000
562 33.5 -0.00159218000
564 33.5 -0.00116332000
566 33.5 -0.00073545400
568 33.5 -0.00035053400
570 33.5 -0.00002860180
572 33.5 0.00022207500
574 33.5 0.00042877500
576 33.5 0.00056570600
578 33.5 0.00062887400
580 33.5 0.00064133200
582 33.5 0.00064567400
584 33.5 0.00068502500
586 33.5 0.00077003800
588 33.5 0.00094934400
590 33.5 0.00118010000
592 33.5 0.00150296000
594 33.5 0.00197143000
596 33.5 0.00254900000
598 33.5 0.00318844000
600 33.5 0.00390146000
602 33.5 0.00459438000
604 33.5 0.00530551000
606 33.5 0.00592362000
608 33.5 0.00641987000
610 33.5 0.00680279000
612 33.5 0.00699262000
614 33.5 0.00696129000
616 33.5 0.00677494000
618 33.5 0.00642438000
620 33.5 0.00590843000
622 33.5 0.00529356000
624 33.5 0.00455322000
626 33.5 0.00382481000
628 33.5 0.00316400000
630 33.5 0.00255987000
632 33.5 0.00211641000
634 33.5 0.00184925000
636 33.5 0.00176249000
638 33.5 0.00184363000
640 33.5 0.00213451000
642 33.5 0.00261819000
644 33.5 0.00319051000
646 33.5 0.00388507000
648 33.5 0.00464218000
650 33.5 0.00539593000
652 33.5 0.00613207000
654 33.5 0.00681507000
656 33.5 0.00743099000
658 33.5 0.00795800000
660 33.5 0.00839262000
662 33.5 0.00869790000
664 33.5 0.00895037000
666 33.5 0.00908151000
668 33.5 0.00911268000
670 33.5 0.00906587000
672 33.5 0.00897535000
674 33.5 0.00881766000
676 33.5 0.00849066000
678 33.5 0.00815446000
680 33.5 0.00778275000
682 33.5 0.00733026000
684 33.5 0.00680960000
686 33.5 0.00629634000
688 33.5 0.00573029000
690 33.5 0.00518101000
692 33.5 0.00466388000
694 33.5 0.00419060000
696 33.5 0.00382366000
698 33.5 0.00344913000
700 33.5 0.00319369000
702 33.5 0.00298412000
704 33.5 0.00288604000
706 33.5 0.00285272000
708 33.5 0.00287638000
710 33.5 0.00295821000
712 33.5 0.00309401000
714 33.5 0.00325071000
716 33.5 0.00342709000
718 33.5 0.00360841000
720 33.5 0.00383881000
722 33.5 0.00403088000
724 33.5 0.00415965000
726 33.5 0.00432915000
728 33.5 0.00440296000
730 33.5 0.00439857000
732 33.5 0.00436313000
734 33.5 0.00424349000
736 33.5 0.00404888000
738 33.5 0.00383478000
740 33.5 0.00364646000
742 33.5 0.00339865000
744 33.5 0.00320197000
746 33.5 0.00301341000
748 33.5 0.00296413000
750 33.5 0.00296449000
752 33.5 0.00306860000
754 33.5 0.00323157000
756 33.5 0.00347344000
758 33.5 0.00367922000
760 33.5 0.00391447000
762 33.5 0.00410251000
764 33.5 0.00416321000
766 33.5 0.00418790000
768 33.5 0.00405121000
770 33.5 0.00383122000
772 33.5 0.00347976000
774 33.5 0.00308434000
776 33.5 0.00260760000
778 33.5 0.00212379000
780 33.5 0.00163043000
782 33.5 0.00119736000
784 33.5 0.00081765700
786 33.5 0.00047963200
788 33.5 0.00023471600
790 33.5 0.00004698260
792 33.5 -0.00007968130
794 33.5 -0.00017094600
796 33.5 -0.00022176900
798 33.5 -0.00024739400
800 33.5 -0.00026114700
802 33.5 -0.00028871200
804 33.5 -0.00031329700
806 33.5 -0.00032248700
808 33.5 -0.00036248800
810 33.5 -0.00038686500
812 33.5 -0.00043681200
814 33.5 -0.00046553500
816 33.5 -0.00049197400
818 33.5 -0.00049946300
820 33.5 -0.00049707500
822 33.5 -0.00049409300
824 33.5 -0.00047653700
826 33.5 -0.00044610900
828 33.5 -0.00040872600
830 33.5 -0.00036315300
832 33.5 -0.00031065000
834 33.5 -0.00026749100
836 33.5 -0.00021856200
838 33.5 -0.00017018400
840 33.5 -0.00013250200
842 33.5 -0.00010067100
844 33.5 -0.00007322460
846 33.5 -0.00004811180
848 33.5 -0.00002564620
850 33.5 -0.00001079280
>
