150 31 0.00471982000
152 31 0.00487180000
154 31 0.00482235000
156 31 0.00468388000
158 31 0.00440169000
160 31 0.00413420000
162 31 0.00370408000
164 31 0.00335220000
166 31 0.00291957000
168 31 0.00253500000
170 31 0.00213855000
172 31 0.00170097000
174 31 0.00134170000
176 31 0.00097876100
178 31 0.00066891800
180 31 0.00031509400
182 31 0.00002010490
184 31 -0.00031182000
186 31 -0.00058652200
188 31 -0.00085862900
190 31 -0.00116355000
192 31 -0.00137355000
194 31 -0.00167524000
196 31 -0.00203759000
198 31 -0.00238927000
200 31 -0.00264888000
202 31 -0.00290202000
204 31 -0.00305008000
206 31 -0.00311741000
208 31 -0.00304231000
210 31 -0.00286645000
212 31 -0.00250631000
214 31 -0.00199302000
216 31 -0.00129903000
218 31 -0.00055135900
220 31 0.00035812700
222 31 0.00132877000
224 31 0.00232296000
226 31 0.00326004000
228 31 0.00421025000
230 31 0.00506639000
232 31 0.00587563000
234 31 0.00666510000
236 31 0.00719320000
238 31 0.00755406000
240 31 0.00781008000
242 31 0.00787673000
244 31 0.00778665000
246 31 0.00755659000
248 31 0.00720580000
250 31 0.00669294000
252 31 0.00607512000
254 31 0.00541424000
256 31 0.00463416000
258 31 0.00385439000
260 31 0.00302175000
262 31 0.00221137000
264 31 0.00137298000
266 31 0.00052000200
268 31 -0.00028286900
270 31 -0.00109995000
272 31 -0.00186735000
274 31 -0.00258282000
276 31 -0.00309722000
278 31 -0.00364841000
280 31 -0.00401820000
282 31 -0.00425075000
284 31 -0.00431104000
286 31 -0.00409990000
288 31 -0.00370543000
290 31 -0.00318465000
292 31 -0.00253520000
294 31 -0.00187752000
296 31 -0.00122858000
298 31 -0.00067382000
300 31 -0.00032263700
302 31 -0.00007923860
304 31 -0.00006267200
306 31 -0.00030654300
308 31 -0.00065439600
310 31 -0.00124838000
312 31 -0.00195316000
314 31 -0.00266204000
316 31 -0.00331629000
318 31 -0.00376855000
320 31 -0.00427390000
322 31 -0.00463939000
324 31 -0.00492051000
326 31 -0.00508131000
328 31 -0.00504567000
330 31 -0.00480753000
332 31 -0.00456341000
334 31 -0.00417735000
336 31 -0.00379608000
338 31 -0.00337586000
340 31 -0.00298392000
342 31 -0.00260763000
344 31 -0.00230751000
346 31 -0.00212139000
348 31 -0.00197294000
350 31 -0.00191586000
352 31 -0.00189285000
354 31 -0.00193883000
356 31 -0.00188216000
358 31 -0.00189674000
360 31 -0.00175495000
362 31 -0.00169339000
364 31 -0.00163450000
366 31 -0.00154137000
368 31 -0.00153044000
370 31 -0.00151963000
372 31 -0.00145549000
374 31 -0.00154508000
376 31 -0.00168619000
378 31 -0.00192597000
380 31 -0.00221222000
382 31 -0.00248796000
384 31 -0.00283153000
386 31 -0.00316861000
388 31 -0.00357155000
390 31 -0.00382698000
392 31 -0.00393563000
394 31 -0.00390165000
396 31 -0.00370410000
398 31 -0.00334929000
400 31 -0.00283990000
402 31 -0.00197096000
404 31 -0.00114167000
406 31 -0.00016601700
408 31 0.00082672500
410 31 0.00176134000
412 31 0.00267869000
414 31 0.00340769000
416 31 0.00400055000
418 31 0.00440988000
420 31 0.00463312000
422 31 0.00471392000
424 31 0.00458155000
426 31 0.00432425000
428 31 0.00390653000
430 31 0.00340604000
432 31 0.00283157000
434 31 0.00219129000
436 31 0.00154064000
438 31 0.00091148600
440 31 0.00031772500
442 31 -0.00032806700
444 31 -0.00075755100
446 31 -0.00130215000
448 31 -0.00179685000
450 31 -0.00227890000
452 31 -0.00272692000
454 31 -0.00299575000
456 31 -0.00316553000
458 31 -0.00318533000
460 31 -0.00313922000
462 31 -0.00296678000
464 31 -0.00268447000
466 31 -0.00224582000
468 31 -0.00171969000
470 31 -0.00114149000
472 31 -0.00048899200
474 31 0.00012147200
476 31 0.00079853100
478 31 0.00140979000
480 31 0.00191532000
482 31 0.00252906000
484 31 0.00288543000
486 31 0.00307175000
488 31 0.00328537000
490 31 0.00336757000
492 31 0.00341951000
494 31 0.00334122000
496 31 0.00329961000
498 31 0.00323951000
500 31 0.00321141000
502 31 0.00317496000
504 31 0.00314200000
506 31 0.00311929000
508 31 0.00313873000
510 31 0.00319294000
512 31 0.00323806000
514 31 0.00327200000
516 31 0.00334022000
518 31 0.00338016000
520 31 0.00348261000
522 31 0.00346794000
524 31 0.00342733000
526 31 0.00331518000
528 31 0.00314671000
530 31 0.00299176000
532 31 0.00274400000
534 31 0.00244033000
536 31 0.00204224000
538 31 0.00168450000
540 31 0.00136386000
542 31 0.00097908600
544 31 0.00064096900
546 31 0.00033862400
548 31 0.00006757590
550 31 -0.00014034500
552 31 -0.00029737800
554 31 -0.00041233900
556 31 -0.00043679200
558 31 -0.00029007100
560 31 -0.00015439700
562 31 0.00007020570
564 31 0.00026265100
566 31 0.00052066500
568 31 0.00081401600
570 31 0.00111213000
572 31 0.00131718000
574 31 0.00157976000
576 31 0.00188875000
578 31 0.00214949000
580 31 0.00241765000
582 31 0.00267027000
584 31 0.00295245000
586 31 0.00316865000
588 31 0.00340116000
590 31 0.00359602000
592 31 0.00377149000
594 31 0.00387773000
596 31 0.00401894000
598 31 0.00401906000
600 31 0.00397308000
602 31 0.00385843000
604 31 0.00370282000
606 31 0.00343241000
608 31 0.00311839000
610 31 0.00273031000
612 31 0.00233998000
614 31 0.00182512000
616 31 0.00136909000
618 31 0.00086193700
620 31 0.00041189000
622 31 0.00002521220
624 31 -0.00022483900
626 31 -0.00038895300
628 31 -0.00040946700
630 31 -0.00027487800
632 31 -0.00003936100
634 31 0.00033513300
636 31 0.00082418200
638 31 0.00135921000
640 31 0.00197282000
642 31 0.00260753000
644 31 0.00318955000
646 31 0.00379524000
648 31 0.00430496000
650 31 0.00479514000
652 31 0.00523853000
654 31 0.00558010000
656 31 0.00588275000
658 31 0.00600273000
660 31 0.00622251000
662 31 0.00634635000
664 31 0.00642212000
666 31 0.00654986000
668 31 0.00658220000
670 31 0.00657282000
672 31 0.00652069000
674 31 0.00647773000
676 31 0.00638225000
678 31 0.00626861000
680 31 0.00606222000
682 31 0.00586922000
684 31 0.00561112000
686 31 0.00531400000
688 31 0.00498849000
690 31 0.00464814000
692 31 0.00431692000
694 31 0.00391492000
696 31 0.00361084000
698 31 0.00328320000
700 31 0.00301386000
702 31 0.00274453000
704 31 0.00246008000
706 31 0.00225657000
708 31 0.00209818000
710 31 0.00190325000
712 31 0.00184295000
714 31 0.00179522000
716 31 0.00184093000
718 31 0.00191359000
720 31 0.00199937000
722 31 0.00212004000
724 31 0.00222294000
726 31 0.00236924000
728 31 0.00254792000
730 31 0.00268892000
732 31 0.00280010000
734 31 0.00291875000
736 31 0.00298375000
738 31 0.00301124000
740 31 0.00303410000
742 31 0.00300827000
744 31 0.00296198000
746 31 0.00282951000
748 31 0.00260414000
750 31 0.00241125000
752 31 0.00218073000
754 31 0.00190449000
756 31 0.00156269000
758 31 0.00114510000
760 31 0.00070710400
762 31 0.00023114100
764 31 -0.00033123100
766 31 -0.00084352700
768 31 -0.00131538000
770 31 -0.00181160000
772 31 -0.00218380000
774 31 -0.00256476000
776 31 -0.00282780000
778 31 -0.00295302000
780 31 -0.00305229000
782 31 -0.00305039000
784 31 -0.00298278000
786 31 -0.00300408000
788 31 -0.00286737000
790 31 -0.00272422000
792 31 -0.00258008000
794 31 -0.00247716000
796 31 -0.00234559000
798 31 -0.00228922000
800 31 -0.00221165000
802 31 -0.00215145000
804 31 -0.00215343000
806 31 -0.00212498000
808 31 -0.00215553000
810 31 -0.00216073000
812 31 -0.00221794000
814 31 -0.00225055000
816 31 -0.00227153000
818 31 -0.00228102000
820 31 -0.00231876000
822 31 -0.00236810000
824 31 -0.00257690000
826 31 -0.00268345000
828 31 -0.00272947000
830 31 -0.00285794000
832 31 -0.00292500000
834 31 -0.00298014000
836 31 -0.00307075000
838 31 -0.00310406000
840 31 -0.00322592000
842 31 -0.00331400000
844 31 -0.00337131000
846 31 -0.00341661000
848 31 -0.00347763000
850 31 -0.00354327000
>
50 31.5 0.00169806000
152 31.5 0.00174785000
154 31.5 0.00158278000
156 31.5 0.00139129000
158 31.5 0.00104389000
160 31.5 0.00062421400
162 31.5 0.00025786500
164 31.5 -0.00012068900
166 31.5 -0.00047045100
168 31.5 -0.00066860400
170 31.5 -0.00081562400
172 31.5 -0.00089046400
174 31.5 -0.00084846800
176 31.5 -0.00079878100
178 31.5 -0.00069729300
180 31.5 -0.00052697600
182 31.5 -0.00048729400
184 31.5 -0.00037338500
186 31.5 -0.00035881800
188 31.5 -0.00038186100
190 31.5 -0.00041276700
192 31.5 -0.00043233500
194 31.5 -0.00044071100
196 31.5 -0.00041178100
198 31.5 -0.00035208200
200 31.5 -0.00017146500
202 31.5 0.00002118360
204 31.5 0.00027406000
206 31.5 0.00066374400
208 31.5 0.00108751000
210 31.5 0.00153849000
212 31.5 0.00202131000
214 31.5 0.00247926000
216 31.5 0.00294624000
218 31.5 0.00338364000
220 31.5 0.00383726000
222 31.5 0.00415547000
224 31.5 0.00450643000
226 31.5 0.00477189000
228 31.5 0.00503006000
230 31.5 0.00523500000
232 31.5 0.00542278000
234 31.5 0.00552862000
236 31.5 0.00562069000
238 31.5 0.00567069000
240 31.5 0.00568161000
242 31.5 0.00567646000
244 31.5 0.00558206000
246 31.5 0.00554379000
248 31.5 0.00541047000
250 31.5 0.00531692000
252 31.5 0.00515183000
254 31.5 0.00507771000
256 31.5 0.00485525000
258 31.5 0.00466996000
260 31.5 0.00435303000
262 31.5 0.00397850000
264 31.5 0.00357282000
266 31.5 0.00302571000
268 31.5 0.00247061000
270 31.5 0.00176599000
272 31.5 0.00113098000
274 31.5 0.00048568900
276 31.5 -0.00015497200
278 31.5 -0.00070940700
280 31.5 -0.00108687000
282 31.5 -0.00135001000
284 31.5 -0.00140964000
286 31.5 -0.00130400000
288 31.5 -0.00110033000
290 31.5 -0.00076123700
292 31.5 -0.00031350300
294 31.5 0.00008478560
296 31.5 0.00052191100
298 31.5 0.00080961400
300 31.5 0.00107700000
302 31.5 0.00109447000
304 31.5 0.00104956000
306 31.5 0.00085398300
308 31.5 0.00058652400
310 31.5 0.00013436000
312 31.5 -0.00027718600
314 31.5 -0.00073226000
316 31.5 -0.00121655000
318 31.5 -0.00169078000
320 31.5 -0.00210649000
322 31.5 -0.00244036000
324 31.5 -0.00273156000
326 31.5 -0.00295485000
328 31.5 -0.00310600000
330 31.5 -0.00326258000
332 31.5 -0.00330682000
334 31.5 -0.00331468000
336 31.5 -0.00333024000
338 31.5 -0.00325778000
340 31.5 -0.00317903000
342 31.5 -0.00305474000
344 31.5 -0.00302686000
346 31.5 -0.00294976000
348 31.5 -0.00286242000
350 31.5 -0.00278525000
352 31.5 -0.00261842000
354 31.5 -0.00250435000
356 31.5 -0.00232483000
358 31.5 -0.00212561000
360 31.5 -0.00190367000
362 31.5 -0.00160015000
364 31.5 -0.00134530000
366 31.5 -0.00105220000
368 31.5 -0.00074718300
370 31.5 -0.00045355300
372 31.5 -0.00017145100
374 31.5 0.00004217490
376 31.5 0.00021906500
378 31.5 0.00036341000
380 31.5 0.00044453900
382 31.5 0.00041617900
384 31.5 0.00037481700
386 31.5 0.00022957400
388 31.5 0.00004298500
390 31.5 -0.00016645300
392 31.5 -0.00037583100
394 31.5 -0.00055546000
396 31.5 -0.00067993600
398 31.5 -0.00075220100
400 31.5 -0.00066418500
402 31.5 -0.00053888300
404 31.5 -0.00015510800
406 31.5 0.00034164400
408 31.5 0.00093008500
410 31.5 0.00164744000
412 31.5 0.00235399000
414 31.5 0.00308632000
416 31.5 0.00379636000
418 31.5 0.00442117000
420 31.5 0.00489810000
422 31.5 0.00521731000
424 31.5 0.00537208000
426 31.5 0.00537376000
428 31.5 0.00517368000
430 31.5 0.00479304000
432 31.5 0.00425610000
434 31.5 0.00359011000
436 31.5 0.00287756000
438 31.5 0.00206814000
440 31.5 0.00129371000
442 31.5 0.00057859000
444 31.5 -0.00019116100
446 31.5 -0.00082556400
448 31.5 -0.00136367000
450 31.5 -0.00173465000
452 31.5 -0.00210321000
454 31.5 -0.00228639000
456 31.5 -0.00234994000
458 31.5 -0.00228149000
460 31.5 -0.00214663000
462 31.5 -0.00188614000
464 31.5 -0.00152850000
466 31.5 -0.00110234000
468 31.5 -0.00062041500
470 31.5 -0.00009197860
472 31.5 0.00042066700
474 31.5 0.00082988200
476 31.5 0.00120705000
478 31.5 0.00161736000
480 31.5 0.00178036000
482 31.5 0.00186971000
484 31.5 0.00185342000
486 31.5 0.00160467000
488 31.5 0.00138702000
490 31.5 0.00111768000
492 31.5 0.00080378500
494 31.5 0.00045128200
496 31.5 0.00016741300
498 31.5 -0.00007855810
500 31.5 -0.00023856700
502 31.5 -0.00027343100
504 31.5 -0.00025887900
506 31.5 -0.00014364300
508 31.5 0.00003882580
510 31.5 0.00027128100
512 31.5 0.00058138800
514 31.5 0.00087013700
516 31.5 0.00112248000
518 31.5 0.00137036000
520 31.5 0.00153917000
522 31.5 0.00166296000
524 31.5 0.00169774000
526 31.5 0.00160900000
528 31.5 0.00140403000
530 31.5 0.00123807000
532 31.5 0.00095466700
534 31.5 0.00064273300
536 31.5 0.00027139600
538 31.5 -0.00005517570
540 31.5 -0.00037434000
542 31.5 -0.00070235000
544 31.5 -0.00099195400
546 31.5 -0.00125180000
548 31.5 -0.00144912000
550 31.5 -0.00162471000
552 31.5 -0.00179264000
554 31.5 -0.00187557000
556 31.5 -0.00189424000
558 31.5 -0.00186379000
560 31.5 -0.00173601000
562 31.5 -0.00159128000
564 31.5 -0.00143731000
566 31.5 -0.00119872000
568 31.5 -0.00098881700
570 31.5 -0.00075504000
572 31.5 -0.00052103600
574 31.5 -0.00025138200
576 31.5 -0.00003566350
578 31.5 0.00016936500
580 31.5 0.00034684200
582 31.5 0.00046063500
584 31.5 0.00056301500
586 31.5 0.00062291100
588 31.5 0.00065884600
590 31.5 0.00067160300
592 31.5 0.00071060700
594 31.5 0.00071294200
596 31.5 0.00077661500
598 31.5 0.00085067100
600 31.5 0.00094586000
602 31.5 0.00105644000
604 31.5 0.00113180000
606 31.5 0.00125103000
608 31.5 0.00129066000
610 31.5 0.00129495000
612 31.5 0.00123790000
614 31.5 0.00115116000
616 31.5 0.00098559200
618 31.5 0.00076596800
620 31.5 0.00045673600
622 31.5 0.00011016100
624 31.5 -0.00022440300
626 31.5 -0.00054896900
628 31.5 -0.00087575100
630 31.5 -0.00117190000
632 31.5 -0.00138842000
634 31.5 -0.00155442000
636 31.5 -0.00160457000
638 31.5 -0.00159128000
640 31.5 -0.00145379000
642 31.5 -0.00109190000
644 31.5 -0.00071437600
646 31.5 -0.00021617800
648 31.5 0.00030290600
650 31.5 0.00090687500
652 31.5 0.00161593000
654 31.5 0.00230544000
656 31.5 0.00297628000
658 31.5 0.00364438000
660 31.5 0.00428919000
662 31.5 0.00485622000
664 31.5 0.00535082000
666 31.5 0.00562603000
668 31.5 0.00589801000
670 31.5 0.00607994000
672 31.5 0.00607254000
674 31.5 0.00599676000
676 31.5 0.00579837000
678 31.5 0.00554292000
680 31.5 0.00512035000
682 31.5 0.00461775000
684 31.5 0.00413883000
686 31.5 0.00362708000
688 31.5 0.00308296000
690 31.5 0.00263924000
692 31.5 0.00219997000
694 31.5 0.00181710000
696 31.5 0.00149968000
698 31.5 0.00118241000
700 31.5 0.00093826000
702 31.5 0.00074408600
704 31.5 0.00059727200
706 31.5 0.00043942200
708 31.5 0.00030058600
710 31.5 0.00022342600
712 31.5 0.00014496700
714 31.5 0.00011179900
716 31.5 -0.00001167460
718 31.5 -0.00002305530
720 31.5 0.00000383681
722 31.5 0.00000237764
724 31.5 0.00013186800
726 31.5 0.00018792200
728 31.5 0.00024396400
730 31.5 0.00032639700
732 31.5 0.00038620800
734 31.5 0.00048517900
736 31.5 0.00052520000
738 31.5 0.00059483300
740 31.5 0.00063430700
742 31.5 0.00069791100
744 31.5 0.00072306900
746 31.5 0.00074977400
748 31.5 0.00075528300
750 31.5 0.00076960300
752 31.5 0.00067922400
754 31.5 0.00065478900
756 31.5 0.00054516900
758 31.5 0.00040884700
760 31.5 0.00025905600
762 31.5 0.00006715140
764 31.5 -0.00015185400
766 31.5 -0.00042117400
768 31.5 -0.00067422500
770 31.5 -0.00094331700
772 31.5 -0.00116433000
774 31.5 -0.00133610000
776 31.5 -0.00147111000
778 31.5 -0.00158342000
780 31.5 -0.00163529000
782 31.5 -0.00165494000
784 31.5 -0.00165567000
786 31.5 -0.00164836000
788 31.5 -0.00166682000
790 31.5 -0.00168526000
792 31.5 -0.00170854000
794 31.5 -0.00177306000
796 31.5 -0.00187244000
798 31.5 -0.00205062000
800 31.5 -0.00224560000
802 31.5 -0.00249265000
804 31.5 11.16420000000
806 31.5 11.19180000000
808 31.5 11.21930000000
810 31.5 11.24680000000
812 31.5 11.27440000000
814 31.5 11.30190000000
816 31.5 11.32950000000
818 31.5 11.35710000000
820 31.5 11.38470000000
822 31.5 11.41240000000
824 31.5 11.44020000000
826 31.5 11.46790000000
828 31.5 11.49580000000
830 31.5 11.52370000000
832 31.5 11.55160000000
834 31.5 11.57960000000
836 31.5 11.60770000000
838 31.5 11.63560000000
840 31.5 11.66350000000
842 31.5 11.69160000000
844 31.5 11.71960000000
846 31.5 11.74760000000
848 31.5 11.77550000000
850 31.5 11.80330000000
>
150 32 0.00594636000
152 32 0.00577061000
154 32 0.00531572000
156 32 0.00472448000
158 32 0.00397367000
160 32 0.00316545000
162 32 0.00242072000
164 32 0.00171463000
166 32 0.00111345000
168 32 0.00064951900
170 32 0.00032565800
172 32 0.00017976200
174 32 0.00021270100
176 32 0.00053398200
178 32 0.00082812100
180 32 0.00126953000
182 32 0.00176319000
184 32 0.00241231000
186 32 0.00312196000
188 32 0.00382158000
190 32 0.00455325000
192 32 0.00527207000
194 32 0.00597296000
196 32 0.00655236000
198 32 0.00707907000
200 32 0.00750801000
202 32 0.00800212000
204 32 0.00822056000
206 32 0.00832603000
208 32 0.00830352000
210 32 0.00814117000
212 32 0.00780698000
214 32 0.00746064000
216 32 0.00709461000
218 32 0.00662434000
220 32 0.00618629000
222 32 0.00572230000
224 32 0.00540802000
226 32 0.00497996000
228 32 0.00479635000
230 32 0.00457831000
232 32 0.00441801000
234 32 0.00437001000
236 32 0.00441913000
238 32 0.00450010000
240 32 0.00463266000
242 32 0.00488233000
244 32 0.00512830000
246 32 0.00555953000
248 32 0.00596673000
250 32 0.00650197000
252 32 0.00698969000
254 32 0.00768504000
256 32 0.00826464000
258 32 0.00882384000
260 32 0.00927615000
262 32 0.00959776000
264 32 0.00980535000
266 32 0.00981353000
268 32 0.00969308000
270 32 0.00940271000
272 32 0.00894078000
274 32 0.00826378000
276 32 0.00767085000
278 32 0.00704898000
280 32 0.00657873000
282 32 0.00603018000
284 32 0.00556978000
286 32 0.00517939000
288 32 0.00481340000
290 32 0.00465629000
292 32 0.00442963000
294 32 0.00424862000
296 32 0.00406027000
298 32 0.00381821000
300 32 0.00363829000
302 32 0.00337927000
304 32 0.00309751000
306 32 0.00283094000
308 32 0.00248472000
310 32 0.00205957000
312 32 0.00172863000
314 32 0.00135993000
316 32 0.00100702000
318 32 0.00060829200
320 32 0.00024937100
322 32 -0.00007730370
324 32 -0.00030817800
326 32 -0.00056724300
328 32 -0.00078867200
330 32 -0.00098572000
332 32 -0.00111022000
334 32 -0.00125127000
336 32 -0.00156617000
338 32 -0.00170516000
340 32 -0.00186261000
342 32 -0.00200784000
344 32 -0.00214361000
346 32 -0.00224387000
348 32 -0.00235608000
350 32 -0.00241337000
352 32 -0.00241019000
354 32 -0.00239755000
356 32 -0.00230476000
358 32 -0.00210533000
360 32 -0.00189981000
362 32 -0.00166030000
364 32 -0.00141274000
366 32 -0.00106479000
368 32 -0.00064884800
370 32 -0.00019955300
372 32 0.00028474200
374 32 0.00082287400
376 32 0.00139469000
378 32 0.00203636000
380 32 0.00268219000
382 32 0.00324064000
384 32 0.00376143000
386 32 0.00417194000
388 32 0.00448592000
390 32 0.00476440000
392 32 0.00489880000
394 32 0.00497920000
396 32 0.00499107000
398 32 0.00488764000
400 32 0.00499912000
402 32 0.00512520000
404 32 0.00526948000
406 32 0.00557473000
408 32 0.00594235000
410 32 0.00645536000
412 32 0.00700333000
414 32 0.00763671000
416 32 0.00827103000
418 32 0.00891236000
420 32 0.00945656000
422 32 0.00995158000
424 32 0.01029430000
426 32 0.01040530000
428 32 0.01037170000
430 32 0.01012210000
432 32 0.00964455000
434 32 0.00893299000
436 32 0.00811107000
438 32 0.00714194000
440 32 0.00609315000
442 32 0.00503301000
444 32 0.00394402000
446 32 0.00290673000
448 32 0.00194498000
450 32 0.00111899000
452 32 0.00040265500
454 32 -0.00011595700
456 32 -0.00045845700
458 32 -0.00059978900
460 32 -0.00067755500
462 32 -0.00043744000
464 32 -0.00010652000
466 32 0.00034231500
468 32 0.00093818000
470 32 0.00152400000
472 32 0.00213565000
474 32 0.00266715000
476 32 0.00315772000
478 32 0.00361885000
480 32 0.00401407000
482 32 0.00425988000
484 32 0.00439091000
486 32 0.00438224000
488 32 0.00431918000
490 32 0.00414485000
492 32 0.00389971000
494 32 0.00362210000
496 32 0.00336145000
498 32 0.00315061000
500 32 0.00289097000
502 32 0.00272299000
504 32 0.00262854000
506 32 0.00264870000
508 32 0.00274043000
510 32 0.00288304000
512 32 0.00313337000
514 32 0.00343451000
516 32 0.00379929000
518 32 0.00409970000
520 32 0.00438526000
522 32 0.00442249000
524 32 0.00460204000
526 32 0.00466761000
528 32 0.00461475000
530 32 0.00451369000
532 32 0.00425869000
534 32 0.00398683000
536 32 0.00353598000
538 32 0.00310815000
540 32 0.00251238000
542 32 0.00192947000
544 32 0.00134308000
546 32 0.00081776500
548 32 0.00030244300
550 32 -0.00018403500
552 32 -0.00061152700
554 32 -0.00093350900
556 32 -0.00115018000
558 32 -0.00132771000
560 32 -0.00130029000
562 32 -0.00120533000
564 32 -0.00101476000
566 32 -0.00069734600
568 32 -0.00032668400
570 32 0.00010712000
572 32 0.00054394900
574 32 0.00096411200
576 32 0.00125616000
578 32 0.00162063000
580 32 0.00194804000
582 32 0.00208118000
584 32 0.00208712000
586 32 0.00209618000
588 32 0.00203128000
590 32 0.00189351000
592 32 0.00172429000
594 32 0.00149269000
596 32 0.00135431000
598 32 0.00122787000
600 32 0.00111488000
602 32 0.00104202000
604 32 0.00103755000
606 32 0.00107040000
608 32 0.00119363000
610 32 0.00133546000
612 32 0.00143703000
614 32 0.00161731000
616 32 0.00178335000
618 32 0.00187502000
620 32 0.00193554000
622 32 0.00195535000
624 32 0.00189694000
626 32 0.00186585000
628 32 0.00175012000
630 32 0.00160917000
632 32 0.00150400000
634 32 0.00138085000
636 32 0.00131343000
638 32 0.00131462000
640 32 0.00146217000
642 32 0.00172117000
644 32 0.00208139000
646 32 0.00253199000
648 32 0.00305266000
650 32 0.00373390000
652 32 0.00455457000
654 32 0.00531151000
656 32 0.00608485000
658 32 0.00693209000
660 32 0.00773951000
662 32 0.00843309000
664 32 0.00908913000
666 32 0.00958149000
668 32 0.01001090000
670 32 0.01021910000
672 32 0.01033150000
674 32 0.01037290000
676 32 0.01029240000
678 32 0.01006170000
680 32 0.00974055000
682 32 0.00932818000
684 32 0.00885885000
686 32 0.00837353000
688 32 0.00784858000
690 32 0.00735679000
692 32 0.00686697000
694 32 0.00643564000
696 32 0.00602317000
698 32 0.00558529000
700 32 0.00524928000
702 32 0.00497694000
704 32 0.00462524000
706 32 0.00439330000
708 32 0.00414336000
710 32 0.00398945000
712 32 0.00375542000
714 32 0.00363972000
716 32 0.00343597000
718 32 0.00333613000
720 32 0.00336037000
722 32 0.00331724000
724 32 0.00335417000
726 32 0.00322352000
728 32 0.00320424000
730 32 0.00317662000
732 32 0.00317375000
734 32 0.00321871000
736 32 0.00316748000
738 32 0.00313406000
740 32 0.00302599000
742 32 0.00297576000
744 32 0.00291503000
746 32 0.00289470000
748 32 0.00290722000
750 32 0.00288413000
752 32 0.00290028000
754 32 0.00285234000
756 32 0.00280076000
758 32 0.00276335000
760 32 0.00274242000
762 32 0.00266294000
764 32 0.00259038000
766 32 0.00250369000
768 32 0.00237755000
770 32 0.00227476000
772 32 0.00213351000
774 32 0.00204274000
776 32 0.00199372000
778 32 0.00180891000
780 32 0.00171620000
782 32 0.00162789000
784 32 0.00158734000
786 32 0.00156097000
788 32 0.00154860000
790 32 0.00160955000
792 32 0.00167949000
794 32 0.00170081000
796 32 0.00168334000
798 32 0.00165463000
800 32 0.00166894000
802 32 0.00165951000
804 32 9.03565000000
806 32 9.05808000000
808 32 9.08052000000
810 32 9.10287000000
812 32 9.12522000000
814 32 9.14753000000
816 32 9.16982000000
818 32 9.19212000000
820 32 9.21427000000
822 32 9.23657000000
824 32 9.25890000000
826 32 9.28113000000
828 32 9.30344000000
830 32 9.32576000000
832 32 9.34808000000
834 32 9.37046000000
836 32 9.39293000000
838 32 9.41536000000
840 32 9.43775000000
842 32 9.46029000000
844 32 9.48287000000
846 32 9.50548000000
848 32 9.52801000000
850 32 9.55055000000
>
150 32.5 0.00638210000
152 32.5 0.00613707000
154 32.5 0.00553659000
156 32.5 0.00477417000
158 32.5 0.00386006000
160 32.5 0.00288674000
162 32.5 0.00198843000
164 32.5 0.00121306000
166 32.5 0.00062801000
168 32.5 0.00022109200
170 32.5 0.00006708210
172 32.5 0.00018635100
174 32.5 0.00046059700
176 32.5 0.00102506000
178 32.5 0.00158129000
180 32.5 0.00218466000
182 32.5 0.00272504000
184 32.5 0.00322731000
186 32.5 0.00360897000
188 32.5 0.00382269000
190 32.5 0.00393841000
192 32.5 0.00382543000
194 32.5 0.00350939000
196 32.5 0.00304569000
198 32.5 0.00243404000
200 32.5 0.00177842000
202 32.5 0.00116685000
204 32.5 0.00051370100
206 32.5 -0.00013128900
208 32.5 -0.00052834300
210 32.5 -0.00084448800
212 32.5 -0.00105301000
214 32.5 -0.00095826900
216 32.5 -0.00074067100
218 32.5 -0.00031786500
220 32.5 0.00013772900
222 32.5 0.00063390300
224 32.5 0.00125328000
226 32.5 0.00182762000
228 32.5 0.00259884000
230 32.5 0.00324870000
232 32.5 0.00384082000
234 32.5 0.00439669000
236 32.5 0.00494612000
238 32.5 0.00536875000
240 32.5 0.00574054000
242 32.5 0.00613701000
244 32.5 0.00649922000
246 32.5 0.00677672000
248 32.5 0.00714870000
250 32.5 0.00751380000
252 32.5 0.00784065000
254 32.5 0.00827114000
256 32.5 0.00863562000
258 32.5 0.00898018000
260 32.5 0.00920823000
262 32.5 0.00939667000
264 32.5 0.00945481000
266 32.5 0.00929157000
268 32.5 0.00898606000
270 32.5 0.00852109000
272 32.5 0.00783230000
274 32.5 0.00688132000
276 32.5 0.00582239000
278 32.5 0.00473177000
280 32.5 0.00365136000
282 32.5 0.00257081000
284 32.5 0.00141749000
286 32.5 0.00032841200
288 32.5 -0.00065882200
290 32.5 -0.00143503000
292 32.5 -0.00221153000
294 32.5 -0.00284011000
296 32.5 -0.00337508000
298 32.5 -0.00376127000
300 32.5 -0.00412716000
302 32.5 -0.00436456000
304 32.5 -0.00455671000
306 32.5 -0.00465589000
308 32.5 -0.00478697000
310 32.5 -0.00486336000
312 32.5 -0.00486107000
314 32.5 -0.00498406000
316 32.5 -0.00501260000
318 32.5 -0.00501326000
320 32.5 -0.00497889000
322 32.5 -0.00488831000
324 32.5 -0.00474285000
326 32.5 -0.00453785000
328 32.5 -0.00419802000
330 32.5 -0.00382314000
332 32.5 -0.00331648000
334 32.5 -0.00282575000
336 32.5 -0.00242656000
338 32.5 -0.00194717000
340 32.5 -0.00149731000
342 32.5 -0.00110268000
344 32.5 -0.00079597400
346 32.5 -0.00060896300
348 32.5 -0.00048487500
350 32.5 -0.00043856600
352 32.5 -0.00048769400
354 32.5 -0.00059339300
356 32.5 -0.00071846700
358 32.5 -0.00078794200
360 32.5 -0.00081239900
362 32.5 -0.00094800000
364 32.5 -0.00095481500
366 32.5 -0.00091225800
368 32.5 -0.00084322800
370 32.5 -0.00072663700
372 32.5 -0.00056916500
374 32.5 -0.00041432500
376 32.5 -0.00023996000
378 32.5 -0.00009687500
380 32.5 0.00006163460
382 32.5 0.00023883200
384 32.5 0.00035562700
386 32.5 0.00044837800
388 32.5 0.00044118100
390 32.5 0.00048244900
392 32.5 0.00045974500
394 32.5 0.00049240000
396 32.5 0.00063805200
398 32.5 0.00069444600
400 32.5 0.00099188900
402 32.5 0.00137193000
404 32.5 0.00193511000
406 32.5 0.00270407000
408 32.5 0.00349287000
410 32.5 0.00450084000
412 32.5 0.00539033000
414 32.5 0.00636211000
416 32.5 0.00726199000
418 32.5 0.00805083000
420 32.5 0.00878236000
422 32.5 0.00923707000
424 32.5 0.00960019000
426 32.5 0.00968241000
428 32.5 0.00957231000
430 32.5 0.00922068000
432 32.5 0.00864581000
434 32.5 0.00792995000
436 32.5 0.00707986000
438 32.5 0.00626632000
440 32.5 0.00529446000
442 32.5 0.00441409000
444 32.5 0.00349337000
446 32.5 0.00264494000
448 32.5 0.00191791000
450 32.5 0.00135106000
452 32.5 0.00104272000
454 32.5 0.00076412900
456 32.5 0.00072498000
458 32.5 0.00076090500
460 32.5 0.00077066900
462 32.5 0.00104402000
464 32.5 0.00133611000
466 32.5 0.00176811000
468 32.5 0.00206626000
470 32.5 0.00245026000
472 32.5 0.00273503000
474 32.5 0.00300281000
476 32.5 0.00327286000
478 32.5 0.00334818000
480 32.5 0.00341057000
482 32.5 0.00338491000
484 32.5 0.00342477000
486 32.5 0.00353031000
488 32.5 0.00358089000
490 32.5 0.00364866000
492 32.5 0.00380586000
494 32.5 0.00399304000
496 32.5 0.00431536000
498 32.5 0.00448327000
500 32.5 0.00467690000
502 32.5 0.00484575000
504 32.5 0.00497916000
506 32.5 0.00520086000
508 32.5 0.00529386000
510 32.5 0.00536890000
512 32.5 0.00536964000
514 32.5 0.00537253000
516 32.5 0.00546489000
518 32.5 0.00545240000
520 32.5 0.00539260000
522 32.5 0.00524882000
524 32.5 0.00519346000
526 32.5 0.00524602000
528 32.5 0.00529426000
530 32.5 0.00522819000
532 32.5 0.00516576000
534 32.5 0.00508537000
536 32.5 0.00508999000
538 32.5 0.00499105000
540 32.5 0.00480364000
542 32.5 0.00463473000
544 32.5 0.00443641000
546 32.5 0.00425527000
548 32.5 0.00391721000
550 32.5 0.00363644000
552 32.5 0.00337117000
554 32.5 0.00308214000
556 32.5 0.00291754000
558 32.5 0.00268004000
560 32.5 0.00256956000
562 32.5 0.00243764000
564 32.5 0.00242495000
566 32.5 0.00241515000
568 32.5 0.00244753000
570 32.5 0.00246974000
572 32.5 0.00252833000
574 32.5 0.00260565000
576 32.5 0.00270911000
578 32.5 0.00281365000
580 32.5 0.00287630000
582 32.5 0.00299621000
584 32.5 0.00286440000
586 32.5 0.00282956000
588 32.5 0.00268249000
590 32.5 0.00258197000
592 32.5 0.00249174000
594 32.5 0.00234658000
596 32.5 0.00219381000
598 32.5 0.00210030000
600 32.5 0.00194035000
602 32.5 0.00181512000
604 32.5 0.00170580000
606 32.5 0.00157682000
608 32.5 0.00149040000
610 32.5 0.00141349000
612 32.5 0.00139047000
614 32.5 0.00143053000
616 32.5 0.00153092000
618 32.5 0.00165832000
620 32.5 0.00176705000
622 32.5 0.00199589000
624 32.5 0.00222729000
626 32.5 0.00247749000
628 32.5 0.00277442000
630 32.5 0.00298048000
632 32.5 0.00325131000
634 32.5 0.00353248000
636 32.5 0.00386936000
638 32.5 0.00405925000
640 32.5 0.00418108000
642 32.5 0.00439444000
644 32.5 0.00462538000
646 32.5 0.00475395000
648 32.5 0.00503158000
650 32.5 0.00527469000
652 32.5 0.00563049000
654 32.5 0.00595634000
656 32.5 0.00645444000
658 32.5 0.00691541000
660 32.5 0.00737767000
662 32.5 0.00785495000
664 32.5 0.00842186000
666 32.5 0.00898498000
668 32.5 0.00944583000
670 32.5 0.00989630000
672 32.5 0.01024600000
674 32.5 0.01062330000
676 32.5 0.01090440000
678 32.5 0.01100440000
680 32.5 0.01103630000
682 32.5 0.01106730000
684 32.5 0.01086090000
686 32.5 0.01064780000
688 32.5 0.01039930000
690 32.5 0.00992491000
692 32.5 0.00944778000
694 32.5 0.00895222000
696 32.5 0.00832883000
698 32.5 0.00767124000
700 32.5 0.00707850000
702 32.5 0.00642756000
704 32.5 0.00571668000
706 32.5 0.00516398000
708 32.5 0.00460942000
710 32.5 0.00411796000
712 32.5 0.00370492000
714 32.5 0.00331819000
716 32.5 0.00291922000
718 32.5 0.00258198000
720 32.5 0.00231115000
722 32.5 0.00210751000
724 32.5 0.00194728000
726 32.5 0.00181919000
728 32.5 0.00172029000
730 32.5 0.00166327000
732 32.5 0.00161502000
734 32.5 0.00157876000
736 32.5 0.00160661000
738 32.5 0.00167540000
740 32.5 0.00176496000
742 32.5 0.00189321000
744 32.5 0.00206787000
746 32.5 0.00219500000
748 32.5 0.00236166000
750 32.5 0.00260177000
752 32.5 0.00281589000
754 32.5 0.00298188000
756 32.5 0.00312719000
758 32.5 0.00323873000
760 32.5 0.00322939000
762 32.5 0.00319695000
764 32.5 0.00313947000
766 32.5 0.00309688000
768 32.5 0.00299753000
770 32.5 0.00280182000
772 32.5 0.00262146000
774 32.5 0.00235039000
776 32.5 0.00212251000
778 32.5 0.00177537000
780 32.5 0.00150324000
782 32.5 0.00131119000
784 32.5 0.00105532000
786 32.5 0.00088667000
788 32.5 0.00063579100
790 32.5 0.00052553400
792 32.5 0.00046459700
794 32.5 0.00046035200
796 32.5 0.00058602100
798 32.5 0.00071001900
800 32.5 0.00087899900
802 32.5 0.00104169000
804 32.5 0.00125556000
806 32.5 0.00151327000
808 32.5 0.00174055000
810 32.5 0.00201159000
812 32.5 0.00213848000
814 32.5 0.00227264000
816 32.5 0.00231852000
818 32.5 0.00234104000
820 32.5 0.00224199000
822 32.5 0.00213822000
824 32.5 0.00201990000
826 32.5 0.00183890000
828 32.5 0.00159919000
830 32.5 0.00132101000
832 32.5 0.00100838000
834 32.5 0.00068163000
836 32.5 0.00040955600
838 32.5 0.00019918400
840 32.5 -0.00012254200
842 32.5 -0.00033925600
844 32.5 -0.00052325200
846 32.5 -0.00065840600
848 32.5 -0.00069401500
850 32.5 -0.00070499300
>
150 33 0.00385639000
152 33 0.00368510000
154 33 0.00314031000
156 33 0.00245201000
158 33 0.00151893000
160 33 0.00053341600
162 33 -0.00038600000
164 33 -0.00114160000
166 33 -0.00175135000
168 33 -0.00222317000
170 33 -0.00236222000
172 33 -0.00225565000
174 33 -0.00196930000
176 33 -0.00149125000
178 33 -0.00085106500
180 33 -0.00028064200
182 33 0.00025446500
184 33 0.00066944500
186 33 0.00089582700
188 33 0.00103311000
190 33 0.00094415500
192 33 0.00064324300
194 33 0.00010413700
196 33 -0.00053326900
198 33 -0.00120670000
200 33 -0.00198571000
202 33 -0.00277088000
204 33 -0.00342098000
206 33 -0.00399063000
208 33 -0.00424356000
210 33 -0.00441234000
212 33 -0.00432646000
214 33 -0.00402530000
216 33 -0.00356222000
218 33 -0.00273940000
220 33 -0.00191171000
222 33 -0.00095394500
224 33 0.00016538500
226 33 0.00139052000
228 33 0.00265859000
230 33 0.00393122000
232 33 0.00525534000
234 33 0.00644695000
236 33 0.00764725000
238 33 0.00878396000
240 33 0.00961573000
242 33 0.01035800000
244 33 0.01089880000
246 33 0.01121320000
248 33 0.01140880000
250 33 0.01121600000
252 33 0.01091660000
254 33 0.01045550000
256 33 0.00978455000
258 33 0.00918445000
260 33 0.00838579000
262 33 0.00761993000
264 33 0.00688566000
266 33 0.00604415000
268 33 0.00530908000
270 33 0.00450025000
272 33 0.00369932000
274 33 0.00292319000
276 33 0.00204495000
278 33 0.00123294000
280 33 0.00041315700
282 33 -0.00031139000
284 33 -0.00106730000
286 33 -0.00173034000
288 33 -0.00236779000
290 33 -0.00286670000
292 33 -0.00328006000
294 33 -0.00363615000
296 33 -0.00392576000
298 33 -0.00413255000
300 33 -0.00432150000
302 33 -0.00447091000
304 33 -0.00470423000
306 33 -0.00489992000
308 33 -0.00517042000
310 33 -0.00549009000
312 33 -0.00574315000
314 33 -0.00608849000
316 33 -0.00657002000
318 33 -0.00693133000
320 33 -0.00726264000
322 33 -0.00755465000
324 33 -0.00774431000
326 33 -0.00793663000
328 33 -0.00787607000
330 33 -0.00773706000
332 33 -0.00738269000
334 33 -0.00693953000
336 33 -0.00650496000
338 33 -0.00593549000
340 33 -0.00533985000
342 33 -0.00471977000
344 33 -0.00418986000
346 33 -0.00386401000
348 33 -0.00345094000
350 33 -0.00317414000
352 33 -0.00291598000
354 33 -0.00274476000
356 33 -0.00270272000
358 33 -0.00256903000
360 33 -0.00244132000
362 33 -0.00231505000
364 33 -0.00216857000
366 33 -0.00199150000
368 33 -0.00184081000
370 33 -0.00168960000
372 33 -0.00157416000
374 33 -0.00156555000
376 33 -0.00170486000
378 33 -0.00186643000
380 33 -0.00218242000
382 33 -0.00252463000
384 33 -0.00299313000
386 33 -0.00347638000
388 33 -0.00398551000
390 33 -0.00439699000
392 33 -0.00476197000
394 33 -0.00496078000
396 33 -0.00487677000
398 33 -0.00465642000
400 33 -0.00411543000
402 33 -0.00345806000
404 33 -0.00253455000
406 33 -0.00141925000
408 33 -0.00025333200
410 33 0.00115318000
412 33 0.00236385000
414 33 0.00357114000
416 33 0.00464925000
418 33 0.00549431000
420 33 0.00620015000
422 33 0.00664242000
424 33 0.00687977000
426 33 0.00678968000
428 33 0.00657005000
430 33 0.00601894000
432 33 0.00531632000
434 33 0.00457499000
436 33 0.00367153000
438 33 0.00286162000
440 33 0.00206534000
442 33 0.00133561000
444 33 0.00064240300
446 33 0.00016794500
448 33 -0.00016431200
450 33 -0.00033898900
452 33 -0.00014952800
454 33 0.00008295400
456 33 0.00051384400
458 33 0.00100987000
460 33 0.00154018000
462 33 0.00216750000
464 33 0.00269742000
466 33 0.00328330000
468 33 0.00361830000
470 33 0.00389577000
472 33 0.00402399000
474 33 0.00404152000
476 33 0.00399365000
478 33 0.00370575000
480 33 0.00333425000
482 33 0.00293238000
484 33 0.00259333000
486 33 0.00236362000
488 33 0.00213315000
490 33 0.00200166000
492 33 0.00200997000
494 33 0.00215585000
496 33 0.00255247000
498 33 0.00287060000
500 33 0.00324214000
502 33 0.00364477000
504 33 0.00399355000
506 33 0.00437641000
508 33 0.00454870000
510 33 0.00458017000
512 33 0.00448608000
514 33 0.00429843000
516 33 0.00410762000
518 33 0.00374035000
520 33 0.00328263000
522 33 0.00280685000
524 33 0.00238215000
526 33 0.00210820000
528 33 0.00182955000
530 33 0.00154384000
532 33 0.00135237000
534 33 0.00120611000
536 33 0.00121455000
538 33 0.00119799000
540 33 0.00122510000
542 33 0.00133385000
544 33 0.00146561000
546 33 0.00163730000
548 33 0.00179785000
550 33 0.00190286000
552 33 0.00205322000
554 33 0.00215580000
556 33 0.00227223000
558 33 0.00230883000
560 33 0.00233806000
562 33 0.00229720000
564 33 0.00216905000
566 33 0.00207212000
568 33 0.00189136000
570 33 0.00169536000
572 33 0.00144803000
574 33 0.00117780000
576 33 0.00092263600
578 33 0.00069234500
580 33 0.00043220200
582 33 0.00029305800
584 33 0.00008157790
586 33 -0.00008252120
588 33 -0.00021365100
590 33 -0.00029371800
592 33 -0.00031285400
594 33 -0.00035678900
596 33 -0.00036759700
598 33 -0.00030553700
600 33 -0.00030166800
602 33 -0.00026496600
604 33 -0.00026061800
606 33 -0.00028922000
608 33 -0.00033730200
610 33 -0.00041563000
612 33 -0.00048758800
614 33 -0.00051458200
616 33 -0.00051959800
618 33 -0.00053798200
620 33 -0.00055126400
622 33 -0.00044798900
624 33 -0.00030787500
626 33 -0.00015133900
628 33 0.00005709310
630 33 0.00016818900
632 33 0.00039665700
634 33 0.00064649200
636 33 0.00097882700
638 33 0.00116010000
640 33 0.00129030000
642 33 0.00153322000
644 33 0.00178945000
646 33 0.00206008000
648 33 0.00233585000
650 33 0.00259974000
652 33 0.00302586000
654 33 0.00346445000
656 33 0.00404785000
658 33 0.00464271000
660 33 0.00519885000
662 33 0.00584702000
664 33 0.00653425000
666 33 0.00712455000
668 33 0.00769092000
670 33 0.00821641000
672 33 0.00865775000
674 33 0.00904165000
676 33 0.00933218000
678 33 0.00938818000
680 33 0.00941164000
682 33 0.00931945000
684 33 0.00901500000
686 33 0.00868610000
688 33 0.00827623000
690 33 0.00774636000
692 33 0.00716895000
694 33 0.00661223000
696 33 0.00590624000
698 33 0.00527685000
700 33 0.00475443000
702 33 0.00420879000
704 33 0.00378113000
706 33 0.00342603000
708 33 0.00311722000
710 33 0.00291839000
712 33 0.00281821000
714 33 0.00273116000
716 33 0.00269255000
718 33 0.00268183000
720 33 0.00266098000
722 33 0.00265774000
724 33 0.00265218000
726 33 0.00264473000
728 33 0.00260956000
730 33 0.00253767000
732 33 0.00248284000
734 33 0.00244660000
736 33 0.00237314000
738 33 0.00232452000
740 33 0.00229680000
742 33 0.00229322000
744 33 0.00235692000
746 33 0.00239115000
748 33 0.00245719000
750 33 0.00253677000
752 33 0.00263305000
754 33 0.00264964000
756 33 0.00266146000
758 33 0.00261734000
760 33 0.00254201000
762 33 0.00241908000
764 33 0.00219979000
766 33 0.00200342000
768 33 0.00175075000
770 33 0.00144206000
772 33 0.00116337000
774 33 0.00086848500
776 33 0.00060506800
778 33 0.00029468500
780 33 0.00005307400
782 33 -0.00019595500
784 33 -0.00038562200
786 33 -0.00047849400
788 33 -0.00059621800
790 33 -0.00063259900
792 33 -0.00060442800
794 33 -0.00054759500
796 33 -0.00041429000
798 33 -0.00024400500
800 33 -0.00005638060
802 33 0.00013721800
804 33 0.00036069200
806 33 0.00064007600
808 33 0.00082475300
810 33 0.00104239000
812 33 0.00118577000
814 33 0.00131457000
816 33 0.00137225000
818 33 0.00143537000
820 33 0.00142594000
822 33 0.00135622000
824 33 0.00126781000
826 33 0.00110253000
828 33 0.00089139200
830 33 0.00065021800
832 33 0.00032293800
834 33 -0.00000756064
836 33 -0.00033812000
838 33 -0.00067998500
840 33 -0.00103944000
842 33 -0.00133481000
844 33 -0.00159525000
846 33 -0.00179616000
848 33 -0.00184805000
850 33 -0.00192772000
>
150 33.5 0.00046361400
152 33.5 0.00046916800
154 33.5 0.00031190400
156 33.5 -0.00000913384
158 33.5 -0.00045668900
160 33.5 -0.00090189500
162 33.5 -0.00128849000
164 33.5 -0.00161255000
166 33.5 -0.00172948000
168 33.5 -0.00171907000
170 33.5 -0.00146015000
172 33.5 -0.00105753000
174 33.5 -0.00046761100
176 33.5 0.00032405300
178 33.5 0.00112626000
180 33.5 0.00201562000
182 33.5 0.00285748000
184 33.5 0.00363934000
186 33.5 0.00428960000
188 33.5 0.00478848000
190 33.5 0.00507568000
192 33.5 0.00520401000
194 33.5 0.00508327000
196 33.5 0.00484755000
198 33.5 0.00443981000
200 33.5 0.00390336000
202 33.5 0.00329237000
204 33.5 0.00264159000
206 33.5 0.00191004000
208 33.5 0.00121767000
210 33.5 0.00054979300
212 33.5 -0.00006340070
214 33.5 -0.00056625600
216 33.5 -0.00092811600
218 33.5 -0.00111334000
220 33.5 -0.00109344000
222 33.5 -0.00081837000
224 33.5 -0.00021355100
226 33.5 0.00068741200
228 33.5 0.00175449000
230 33.5 0.00315974000
232 33.5 0.00472152000
234 33.5 0.00633285000
236 33.5 0.00817370000
238 33.5 0.00988342000
240 33.5 0.01135370000
242 33.5 0.01260360000
244 33.5 0.01348260000
246 33.5 0.01400380000
248 33.5 0.01403710000
250 33.5 0.01364140000
252 33.5 0.01289090000
254 33.5 0.01182170000
256 33.5 0.01044270000
258 33.5 0.00902449000
260 33.5 0.00750884000
262 33.5 0.00609833000
264 33.5 0.00484778000
266 33.5 0.00371367000
268 33.5 0.00281459000
270 33.5 0.00207029000
272 33.5 0.00161668000
274 33.5 0.00133436000
276 33.5 0.00113854000
278 33.5 0.00108667000
280 33.5 0.00105191000
282 33.5 0.00112790000
284 33.5 0.00112007000
286 33.5 0.00115917000
288 33.5 0.00107517000
290 33.5 0.00101704000
292 33.5 0.00096566200
294 33.5 0.00088957700
296 33.5 0.00077741900
298 33.5 0.00067812600
300 33.5 0.00057800800
302 33.5 0.00043434700
304 33.5 0.00027804000
306 33.5 0.00008909590
308 33.5 -0.00021310700
310 33.5 -0.00051735200
312 33.5 -0.00094580300
314 33.5 -0.00144904000
316 33.5 -0.00202927000
318 33.5 -0.00268273000
320 33.5 -0.00339638000
322 33.5 -0.00406603000
324 33.5 -0.00479137000
326 33.5 -0.00547816000
328 33.5 -0.00603441000
330 33.5 -0.00649240000
332 33.5 -0.00676823000
334 33.5 -0.00684571000
336 33.5 -0.00679884000
338 33.5 -0.00653401000
340 33.5 -0.00615585000
342 33.5 -0.00562229000
344 33.5 -0.00498975000
346 33.5 -0.00437307000
348 33.5 -0.00378412000
350 33.5 -0.00320718000
352 33.5 -0.00272259000
354 33.5 -0.00231536000
356 33.5 -0.00205479000
358 33.5 -0.00188166000
360 33.5 -0.00177482000
362 33.5 -0.00170068000
364 33.5 -0.00173145000
366 33.5 -0.00173299000
368 33.5 -0.00175425000
370 33.5 -0.00178758000
372 33.5 -0.00181344000
374 33.5 -0.00187237000
376 33.5 -0.00199196000
378 33.5 -0.00207225000
380 33.5 -0.00228126000
382 33.5 -0.00252110000
384 33.5 -0.00280818000
386 33.5 -0.00307845000
388 33.5 -0.00339523000
390 33.5 -0.00362649000
392 33.5 -0.00377068000
394 33.5 -0.00385700000
396 33.5 -0.00375248000
398 33.5 -0.00347449000
400 33.5 -0.00299996000
402 33.5 -0.00242078000
404 33.5 -0.00165690000
406 33.5 -0.00077581100
408 33.5 0.00020469000
410 33.5 0.00116490000
412 33.5 0.00209905000
414 33.5 0.00294305000
416 33.5 0.00371790000
418 33.5 0.00438914000
420 33.5 0.00494484000
422 33.5 0.00530299000
424 33.5 0.00550393000
426 33.5 0.00554033000
428 33.5 0.00540130000
430 33.5 0.00505070000
432 33.5 0.00455015000
434 33.5 0.00394179000
436 33.5 0.00320790000
438 33.5 0.00244484000
440 33.5 0.00168896000
442 33.5 0.00094438100
444 33.5 0.00031249600
446 33.5 -0.00016515900
448 33.5 -0.00046577900
450 33.5 -0.00057991400
452 33.5 -0.00050665800
454 33.5 -0.00024707800
456 33.5 0.00015707900
458 33.5 0.00070245900
460 33.5 0.00130973000
462 33.5 0.00198941000
464 33.5 0.00264864000
466 33.5 0.00324549000
468 33.5 0.00374523000
470 33.5 0.00410679000
472 33.5 0.00436608000
474 33.5 0.00442781000
476 33.5 0.00434151000
478 33.5 0.00414055000
480 33.5 0.00379908000
482 33.5 0.00340552000
484 33.5 0.00298279000
486 33.5 0.00252860000
488 33.5 0.00212115000
490 33.5 0.00185555000
492 33.5 0.00162415000
494 33.5 0.00147932000
496 33.5 0.00146234000
498 33.5 0.00148981000
500 33.5 0.00160895000
502 33.5 0.00178008000
504 33.5 0.00188205000
506 33.5 0.00199444000
508 33.5 0.00208504000
510 33.5 0.00208829000
512 33.5 0.00205810000
514 33.5 0.00198470000
516 33.5 0.00182777000
518 33.5 0.00163549000
520 33.5 0.00139874000
522 33.5 0.00110278000
524 33.5 0.00084099600
526 33.5 0.00059083400
528 33.5 0.00031635900
530 33.5 0.00011354900
532 33.5 -0.00012714200
534 33.5 -0.00035257500
536 33.5 -0.00056636600
538 33.5 -0.00073721400
540 33.5 -0.00088131900
542 33.5 -0.00097001100
544 33.5 -0.00103879000
546 33.5 -0.00107614000
548 33.5 -0.00105056000
550 33.5 -0.00102810000
552 33.5 -0.00096212100
554 33.5 -0.00089920700
556 33.5 -0.00085554500
558 33.5 -0.00081102500
560 33.5 -0.00076438200
562 33.5 -0.00074217700
564 33.5 -0.00080321800
566 33.5 -0.00087667400
568 33.5 -0.00096464400
570 33.5 -0.00103277000
572 33.5 -0.00114904000
574 33.5 -0.00126435000
576 33.5 -0.00131098000
578 33.5 -0.00140041000
580 33.5 -0.00150356000
582 33.5 -0.00156490000
584 33.5 -0.00163721000
586 33.5 -0.00169556000
588 33.5 -0.00173997000
590 33.5 -0.00177507000
592 33.5 -0.00189771000
594 33.5 -0.00200147000
596 33.5 -0.00209770000
598 33.5 -0.00222933000
600 33.5 -0.00240127000
602 33.5 -0.00258738000
604 33.5 -0.00280025000
606 33.5 -0.00304947000
608 33.5 -0.00332736000
610 33.5 -0.00356147000
612 33.5 -0.00382414000
614 33.5 -0.00402718000
616 33.5 -0.00417986000
618 33.5 -0.00429893000
620 33.5 -0.00433189000
622 33.5 -0.00427856000
624 33.5 -0.00417840000
626 33.5 -0.00402384000
628 33.5 -0.00371893000
630 33.5 -0.00343148000
632 33.5 -0.00305249000
634 33.5 -0.00263090000
636 33.5 -0.00218851000
638 33.5 -0.00174237000
640 33.5 -0.00119083000
642 33.5 -0.00068776600
644 33.5 -0.00013036600
646 33.5 0.00047039300
648 33.5 0.00107411000
650 33.5 0.00172215000
652 33.5 0.00242895000
654 33.5 0.00312197000
656 33.5 0.00388501000
658 33.5 0.00466195000
660 33.5 0.00541840000
662 33.5 0.00623196000
664 33.5 0.00695568000
666 33.5 0.00755981000
668 33.5 0.00810456000
670 33.5 0.00857197000
672 33.5 0.00893834000
674 33.5 0.00917570000
676 33.5 0.00928500000
678 33.5 0.00922758000
680 33.5 0.00908660000
682 33.5 0.00877237000
684 33.5 0.00835497000
686 33.5 0.00782212000
688 33.5 0.00719819000
690 33.5 0.00655011000
692 33.5 0.00588964000
694 33.5 0.00524415000
696 33.5 0.00461021000
698 33.5 0.00401512000
700 33.5 0.00360832000
702 33.5 0.00324999000
704 33.5 0.00299038000
706 33.5 0.00284144000
708 33.5 0.00280253000
710 33.5 0.00286682000
712 33.5 0.00300786000
714 33.5 0.00314348000
716 33.5 0.00328064000
718 33.5 0.00340314000
720 33.5 0.00353889000
722 33.5 0.00363537000
724 33.5 0.00370934000
726 33.5 0.00370527000
728 33.5 0.00367488000
730 33.5 0.00356338000
732 33.5 0.00346266000
734 33.5 0.00337859000
736 33.5 0.00324485000
738 33.5 0.00315318000
740 33.5 0.00311730000
742 33.5 0.00306329000
744 33.5 0.00308155000
746 33.5 0.00307519000
748 33.5 0.00320095000
750 33.5 0.00321995000
752 33.5 0.00329427000
754 33.5 0.00323377000
756 33.5 0.00319071000
758 33.5 0.00306456000
760 33.5 0.00288179000
762 33.5 0.00261803000
764 33.5 0.00225334000
766 33.5 0.00190927000
768 33.5 0.00151484000
770 33.5 0.00107361000
772 33.5 0.00065354900
774 33.5 0.00023602100
776 33.5 -0.00013332300
778 33.5 -0.00053574000
780 33.5 -0.00083877400
782 33.5 -0.00109371000
784 33.5 -0.00126942000
786 33.5 -0.00137001000
788 33.5 -0.00142001000
790 33.5 -0.00139451000
792 33.5 -0.00127939000
794 33.5 -0.00111568000
796 33.5 -0.00087708800
798 33.5 -0.00061216800
800 33.5 -0.00034427000
802 33.5 -0.00002407440
804 33.5 11.01400000000
806 33.5 11.04180000000
808 33.5 11.06940000000
810 33.5 11.09720000000
812 33.5 11.12480000000
814 33.5 11.15240000000
816 33.5 11.18000000000
818 33.5 11.20750000000
820 33.5 11.23500000000
822 33.5 11.26240000000
824 33.5 11.28980000000
826 33.5 11.31710000000
828 33.5 11.34420000000
830 33.5 11.37140000000
832 33.5 11.39830000000
834 33.5 11.42550000000
836 33.5 11.45240000000
838 33.5 11.47950000000
840 33.5 11.50640000000
842 33.5 11.53350000000
844 33.5 11.56060000000
846 33.5 11.58780000000
848 33.5 11.61510000000
850 33.5 11.64240000000
>
150 34 0.00037496900
152 34 0.00067858300
154 34 0.00111691000
156 34 0.00140831000
158 34 0.00148802000
160 34 0.00164512000
162 34 0.00183444000
164 34 0.00206773000
166 34 0.00232796000
168 34 0.00274476000
170 34 0.00327944000
172 34 0.00376234000
174 34 0.00440059000
176 34 0.00513476000
178 34 0.00580069000
180 34 0.00652907000
182 34 0.00706155000
184 34 0.00754469000
186 34 0.00782734000
188 34 0.00795897000
190 34 0.00787679000
192 34 0.00762466000
194 34 0.00714621000
196 34 0.00664345000
198 34 0.00596631000
200 34 0.00530910000
202 34 0.00463152000
204 34 0.00404390000
206 34 0.00347072000
208 34 0.00313271000
210 34 0.00282522000
212 34 0.00270720000
214 34 0.00282011000
216 34 0.00301979000
218 34 0.00354979000
220 34 0.00423776000
222 34 0.00510003000
224 34 0.00633959000
226 34 0.00767738000
228 34 0.00915890000
230 34 0.01082390000
232 34 0.01245330000
234 34 0.01388180000
236 34 0.01549930000
238 34 0.01660000000
240 34 0.01730180000
242 34 0.01750760000
244 34 0.01718930000
246 34 0.01644200000
248 34 0.01515300000
250 34 0.01353810000
252 34 0.01148150000
254 34 0.00927938000
256 34 0.00717869000
258 34 0.00501838000
260 34 0.00311188000
262 34 0.00157799000
264 34 0.00031874300
266 34 -0.00050326200
268 34 -0.00095067900
270 34 -0.00110958000
272 34 -0.00097373100
274 34 -0.00058872400
276 34 -0.00017508700
278 34 0.00041311700
280 34 0.00090285500
282 34 0.00133157000
284 34 0.00163241000
286 34 0.00184834000
288 34 0.00177727000
290 34 0.00159729000
292 34 0.00124512000
294 34 0.00082413800
296 34 0.00029788600
298 34 -0.00025019600
300 34 -0.00079474100
302 34 -0.00131668000
304 34 -0.00171795000
306 34 -0.00209622000
308 34 -0.00234567000
310 34 -0.00255442000
312 34 -0.00271762000
314 34 -0.00295691000
316 34 -0.00313866000
318 34 -0.00340541000
320 34 -0.00384483000
322 34 -0.00404097000
324 34 -0.00462348000
326 34 -0.00507507000
328 34 -0.00553662000
330 34 -0.00580097000
332 34 -0.00598062000
334 34 -0.00580752000
336 34 -0.00541607000
338 34 -0.00472862000
340 34 -0.00373069000
342 34 -0.00261129000
344 34 -0.00130138000
346 34 -0.00000800207
348 34 0.00108470000
350 34 0.00201862000
352 34 0.00255503000
354 34 0.00273540000
356 34 0.00250500000
358 34 0.00181673000
360 34 0.00079504500
362 34 -0.00049545900
364 34 -0.00196303000
366 34 -0.00351414000
368 34 -0.00488283000
370 34 -0.00607759000
372 34 -0.00705624000
374 34 -0.00760197000
376 34 -0.00789224000
378 34 -0.00768376000
380 34 -0.00719462000
382 34 -0.00639655000
384 34 -0.00538969000
386 34 -0.00417514000
388 34 -0.00297401000
390 34 -0.00168724000
392 34 -0.00029717900
394 34 0.00088607600
396 34 0.00221991000
398 34 0.00338977000
400 34 0.00446700000
402 34 0.00535386000
404 34 0.00617417000
406 34 0.00673114000
408 34 0.00732259000
410 34 0.00752666000
412 34 0.00754024000
414 34 0.00736472000
416 34 0.00708693000
418 34 0.00662307000
420 34 0.00627245000
422 34 0.00570328000
424 34 0.00509976000
426 34 0.00457507000
428 34 0.00394969000
430 34 0.00337568000
432 34 0.00266775000
434 34 0.00207899000
436 34 0.00150223000
438 34 0.00104442000
440 34 0.00063712800
442 34 0.00029915000
444 34 0.00012019100
446 34 0.00003489240
448 34 0.00014196700
450 34 0.00022335300
452 34 0.00045160300
454 34 0.00072927200
456 34 0.00092434100
458 34 0.00113963000
460 34 0.00129193000
462 34 0.00140329000
464 34 0.00143159000
466 34 0.00129458000
468 34 0.00112895000
470 34 0.00084727600
472 34 0.00049238300
474 34 0.00005243030
476 34 -0.00045736600
478 34 -0.00096984800
480 34 -0.00155451000
482 34 -0.00217671000
484 34 -0.00265943000
486 34 -0.00311529000
488 34 -0.00347734000
490 34 -0.00355034000
492 34 -0.00364876000
494 34 -0.00364545000
496 34 -0.00345838000
498 34 -0.00314402000
500 34 -0.00265184000
502 34 -0.00213089000
504 34 -0.00159460000
506 34 -0.00102363000
508 34 -0.00032244300
510 34 0.00026813300
512 34 0.00085105200
514 34 0.00134185000
516 34 0.00177179000
518 34 0.00207288000
520 34 0.00226356000
522 34 0.00236574000
524 34 0.00234231000
526 34 0.00226562000
528 34 0.00210705000
530 34 0.00190175000
532 34 0.00153806000
534 34 0.00126620000
536 34 0.00079963400
538 34 0.00040688600
540 34 0.00004595520
542 34 -0.00031004600
544 34 -0.00066440300
546 34 -0.00103100000
548 34 -0.00136054000
550 34 -0.00166959000
552 34 -0.00197947000
554 34 -0.00231643000
556 34 -0.00261953000
558 34 -0.00296279000
560 34 -0.00318451000
562 34 -0.00341996000
564 34 -0.00355945000
566 34 -0.00370638000
568 34 -0.00378641000
570 34 -0.00371455000
572 34 -0.00367528000
574 34 -0.00354431000
576 34 -0.00322070000
578 34 -0.00300409000
580 34 -0.00290644000
582 34 -0.00268393000
584 34 -0.00255612000
586 34 -0.00243886000
588 34 -0.00239867000
590 34 -0.00243062000
592 34 -0.00257236000
594 34 -0.00272741000
596 34 -0.00290940000
598 34 -0.00316935000
600 34 -0.00351841000
602 34 -0.00388976000
604 34 -0.00427924000
606 34 -0.00465972000
608 34 -0.00507886000
610 34 -0.00550334000
612 34 -0.00590693000
614 34 -0.00620793000
616 34 -0.00644534000
618 34 -0.00650655000
620 34 -0.00652907000
622 34 -0.00643745000
624 34 -0.00616134000
626 34 -0.00581907000
628 34 -0.00533921000
630 34 -0.00481383000
632 34 -0.00412566000
634 34 -0.00344646000
636 34 -0.00280297000
638 34 -0.00219919000
640 34 -0.00150605000
642 34 -0.00088926600
644 34 -0.00026613200
646 34 0.00034402600
648 34 0.00094520300
650 34 0.00158354000
652 34 0.00221655000
654 34 0.00284184000
656 34 0.00342584000
658 34 0.00398583000
660 34 0.00462310000
662 34 0.00533321000
664 34 0.00583148000
666 34 0.00634710000
668 34 0.00677434000
670 34 0.00721507000
672 34 0.00768410000
674 34 0.00808697000
676 34 0.00842072000
678 34 0.00866179000
680 34 0.00885628000
682 34 0.00893172000
684 34 0.00886703000
686 34 0.00865941000
688 34 0.00827528000
690 34 0.00779466000
692 34 0.00722183000
694 34 0.00652455000
696 34 0.00575169000
698 34 0.00495734000
700 34 0.00432110000
702 34 0.00362517000
704 34 0.00297270000
706 34 0.00239021000
708 34 0.00187778000
710 34 0.00143807000
712 34 0.00108556000
714 34 0.00071219700
716 34 0.00041583100
718 34 0.00001794070
720 34 -0.00030877100
722 34 -0.00067279700
724 34 -0.00091541400
726 34 -0.00124280000
728 34 -0.00147958000
730 34 -0.00171299000
732 34 -0.00187563000
734 34 -0.00195646000
736 34 -0.00198843000
738 34 -0.00193797000
740 34 -0.00173447000
742 34 -0.00150748000
744 34 -0.00118119000
746 34 -0.00088200300
748 34 -0.00034078100
750 34 -0.00007388340
752 34 0.00023720500
754 34 0.00043552400
756 34 0.00065915900
758 34 0.00084695500
760 34 0.00084396900
762 34 0.00084022100
764 34 0.00074307900
766 34 0.00069000000
768 34 0.00057082800
770 34 0.00050706600
772 34 0.00037445500
774 34 0.00021870000
776 34 0.00004082790
778 34 -0.00014316300
780 34 -0.00045351000
782 34 -0.00069732800
784 34 -0.00102468000
786 34 -0.00141512000
788 34 -0.00177867000
790 34 -0.00219456000
792 34 -0.00254870000
794 34 -0.00283066000
796 34 -0.00306044000
798 34 -0.00327021000
800 34 -0.00339187000
802 34 -0.00338387000
804 34 27.72100000000
806 34 27.79000000000
808 34 27.85910000000
810 34 27.92840000000
812 34 27.99760000000
814 34 28.06700000000
816 34 28.13640000000
818 34 28.20580000000
820 34 28.27510000000
822 34 28.34450000000
824 34 28.41380000000
826 34 28.48300000000
828 34 28.55190000000
830 34 28.62100000000
832 34 28.68990000000
834 34 28.75890000000
836 34 28.82770000000
838 34 28.89630000000
840 34 28.96490000000
842 34 29.03360000000
844 34 29.10210000000
846 34 29.17080000000
848 34 29.23930000000
850 34 29.30790000000
>
